0
0
0
0
0
0
0
0
0
0
0
0
0
0
0
0
0
0
0
0
0
0
0
0
0
0
0
0
0
0
0
0
0
0
0
0
0
0
0
0
0
0
0
0
0
0
0
0
0
0
0
0
0
0
0
0
0
0
0
0
0
0
0
0
0
0
0
0
0
0
0
0
0
0
0
0
0
0
0
0
0
0
0
0
0
0
0
0
0
0
0
0
0
0
0
0
0
0
0
0
0
0
0
0
0
0
0
0
0
0
0
0
0
0
0
0
0
0
0
0
0
0
0
0
0
0
0
0
0
0
0
0
0
0
0
0
0
0
0
0
0
0
0
0
-1512
-5790
-9406
-8669
-4852
-1771
623
729
654
90
0
0
0
0
0
0
0
0
0
0
0
0
0
0
0
0
0
0
-7188
-19667
-21362
-11303
-5084
-4368
-4733
-6552
-7441
-9066
-8811
-8811
-8811
-8811
-8307
-5357
-562
2173
1153
130
0
0
0
0
0
0
0
0
-11934
-19920
-4350
11219
7740
-1745
-7235
-10186
-10865
-11496
-10733
-10316
-9727
-9492
-8954
-2569
6746
8110
2689
-170
0
0
0
0
0
0
0
0
-7227
2189
24659
26544
8877
-3322
-2903
-475
3281
4080
5183
7412
9072
5684
-1274
4245
17332
11976
-594
-2721
0
0
0
0
0
0
0
0
2604
15309
19901
9553
-5489
-5824
-731
5934
8078
6342
8490
12238
11386
-3622
-16290
873
19486
3159
-13192
-7209
0
0
0
0
0
0
0
0
3087
6447
739
-7013
-8528
-6413
-3853
-1386
-4539
-7387
-6012
-4261
-14288
-37527
-30350
12457
19665
-14071
-23023
-8619
0
0
0
0
0
0
0
0
594
762
-1887
-3843
-3009
-3078
-3610
-5255
-8991
-8033
-9014
-12367
-32185
-40883
1776
37195
9199
-29205
-21743
-4541
0
0
0
0
0
0
0
0
0
0
0
0
0
144
530
-642
-1781
-1109
-3036
-14462
-32113
-10448
42506
37194
-14381
-30948
-12885
-719
0
0
0
0
0
0
0
0
0
0
0
0
0
0
0
0
0
0
-4580
-22120
-21664
24529
51543
11056
-30768
-23345
-4750
-9
0
0
0
0
0
0
0
0
0
0
0
0
0
0
0
0
0
-144
-10519
-25193
-296
47585
34513
-19932
-32167
-13392
-1669
0
0
0
0
0
0
0
0
0
0
0
0
0
0
0
0
0
0
-2572
-18862
-19775
23723
47227
2932
-35268
-22549
-3195
-22
0
0
0
0
0
0
0
0
0
0
0
0
0
0
0
0
0
-1332
-11691
-27311
-4127
43446
30883
-21289
-29825
-9826
-179
0
0
0
0
0
0
0
0
0
0
0
0
0
0
0
0
0
-324
-7303
-25507
-21906
27411
48956
4451
-31952
-20041
-2299
-2
0
0
0
0
0
0
0
0
0
0
0
0
0
0
0
0
-36
-4379
-21286
-29343
8882
52707
28964
-22830
-29115
-9436
-29
0
0
0
0
0
0
0
0
0
0
0
0
0
0
0
0
0
-760
-13901
-30101
-6639
44753
45586
-6106
-34087
-18792
-2163
0
0
0
0
0
0
0
0
0
0
0
0
0
0
0
0
0
-540
-6416
-27129
-19823
31794
54882
11619
-32160
-27074
-8139
-28
0
0
0
0
0
0
0
0
0
0
0
0
0
0
0
0
0
-3516
-18545
-28616
10262
52538
30219
-25239
-33571
-14004
-1341
0
0
0
0
0
0
0
0
0
0
0
0
0
0
0
0
0
-1080
-11967
-29095
-13486
36598
41124
-4679
-34764
-19975
-3431
-17
0
0
0
0
0
0
0
0
0
0
0
0
0
0
0
0
0
-4440
-21553
-22547
10654
40261
17722
-20519
-26298
-7491
-38
0
0
0
0
0
0
0
0
0
0
0
0
0
0
0
0
0
0
-8370
-22121
-5135
26192
35329
5781
-20888
-21089
-3967
0
0
0
0
0
0
0
0
0
0
0
0
0
0
0
0
0
0
0
-6870
-6656
18696
39359
27031
-13200
-28505
-18528
-3170
0
0
0
0
0
0
0
0
0
0
0
0
0
0
0
0
0
0
0
-780
9044
26169
27395
-2849
-33648
-27744
-10702
-1506
0
0
0
0
0
0
0
0
0
0
0
0
0
0
0
0
0
0
0
3060
11757
12721
-2972
-24070
-26493
-12810
-1375
-20
0
0
0
0
0
0
0
0
0
0
0
0
0
0
0
0
0
0
0
0
0
0
0
0
0
0
0
0
0
0
0
0
0
0
0
0
0
0
0
0
0
0
0
0
0
0
0
0
0
0
0
0
0
0
0
0
0
0
0
0
0
0
0
0
0
0
0
0
0
0
0
0
0
0
0
0
0
0
0
0
0
0
0
0
0
0
0
0
0
0
0
0
0
0
0
0
0
0
0
0
0
0
0
0
0
0
0
0
0
0
0
0
0
0
0
0
0
0
0
0
0
0
0
0
0
0
0
0
0
0
0
0
0
0
0
0
0
0
0
0
0
0
0
0
0
0
0
0
0
0
0
0
0
0
0
2688
5762
4150
1041
-7752
-11912
-11044
-8175
-3468
-1530
0
0
0
0
0
0
0
0
0
0
0
0
0
0
0
0
0
0
10212
16745
14982
2560
-20352
-30419
-29936
-25840
-17719
-12981
-8910
-8910
-8910
-8910
-9806
-13540
-14817
-13140
-8551
-2210
0
0
0
0
0
0
0
0
13812
29604
25589
8545
-17834
-24895
-25752
-28628
-27030
-25867
-23238
-22856
-24829
-23934
-24742
-32934
-41358
-39219
-27396
-9252
0
0
0
0
0
0
0
0
15435
38558
38913
22395
6289
477
-101
-8993
-10971
-13369
-14503
-13408
-19643
-12135
-11292
-25908
-47288
-57590
-40435
-14279
0
0
0
0
0
0
0
0
13191
36901
46978
43249
40999
39188
34312
21914
15494
14987
13758
13777
9906
22673
27976
219
-42717
-67806
-42981
-10474
0
0
0
0
0
0
0
0
4191
20966
35827
40400
42597
49481
55493
50567
43496
43630
44524
43117
48486
64553
69866
31871
-32291
-58053
-32406
-4789
0
0
0
0
0
0
0
0
363
3762
9507
12048
12834
17293
27587
33925
34336
35839
37669
42053
54401
75171
71158
23406
-33411
-40813
-15190
-2155
0
0
0
0
0
0
0
0
0
0
0
0
0
88
1123
4108
5116
5827
9096
22202
42062
53470
34075
-13678
-37134
-25209
-5684
-684
0
0
0
0
0
0
0
0
0
0
0
0
0
0
0
0
0
0
6370
24887
47022
44140
6479
-34052
-32874
-10252
-2186
-81
0
0
0
0
0
0
0
0
0
0
0
0
0
0
0
0
0
256
13807
38827
51255
32206
-12414
-33992
-21579
-4543
-875
0
0
0
0
0
0
0
0
0
0
0
0
0
0
0
0
0
0
4328
23779
49827
47770
8778
-30805
-26848
-4682
-774
-198
0
0
0
0
0
0
0
0
0
0
0
0
0
0
0
0
0
2368
12883
34406
50069
30944
-14713
-35412
-20380
-2873
-325
0
0
0
0
0
0
0
0
0
0
0
0
0
0
0
0
0
576
9751
24389
42593
37910
-292
-33807
-29492
-7662
-1406
-18
0
0
0
0
0
0
0
0
0
0
0
0
0
0
0
0
64
7127
19480
38735
40169
11267
-26777
-35226
-18267
-2740
-261
0
0
0
0
0
0
0
0
0
0
0
0
0
0
0
0
0
1290
16343
35152
45021
28267
-16860
-34359
-23407
-6161
-1463
0
0
0
0
0
0
0
0
0
0
0
0
0
0
0
0
0
960
8612
27207
45910
38428
4077
-27343
-25724
-9949
-2195
-252
0
0
0
0
0
0
0
0
0
0
0
0
0
0
0
0
0
5334
18650
42650
46478
17190
-22761
-28991
-11708
-1929
-1138
0
0
0
0
0
0
0
0
0
0
0
0
0
0
0
0
0
1920
13783
32296
51542
35694
-8648
-35106
-30661
-6625
-1022
-153
0
0
0
0
0
0
0
0
0
0
0
0
0
0
0
0
0
6060
25260
49126
56364
14295
-35942
-45865
-31985
-6478
-342
0
0
0
0
0
0
0
0
0
0
0
0
0
0
0
0
0
0
10770
38954
59862
53954
7366
-43801
-49244
-25427
-4535
0
0
0
0
0
0
0
0
0
0
0
0
0
0
0
0
0
0
0
12120
42955
63645
51350
11213
-26644
-29679
-10711
-1512
0
0
0
0
0
0
0
0
0
0
0
0
0
0
0
0
0
0
0
10710
38032
59157
49468
23216
1123
-5866
-3922
-694
0
0
0
0
0
0
0
0
0
0
0
0
0
0
0
0
0
0
0
6060
25607
44378
39545
22187
9872
3511
-208
-180
0
0
0
0
0
0
0
0
0
0
0
0
0
0
0
0
0
0
0
0
0
0
0
0
0
0
0
0
0
0
0
0
0
0
0
0
0
0
0
0
0
0
0
0
0
0
0
0
0
0
0
0
0
0
0
0
0
0
0
0
0
0
0
0
0
0
0
0
0
0
0
0
0
0
0
0
0
0
0
0
0
0
0
0
0
0
0
0
0
0
0
0
0
0
0
0
0
0
0
0
0
0
0
0
0
0
0
0
0
0
0
0
0
0
0
0
0
0
0
0
0
0
0
0
0
0
0
0
0
0
0
0
0
0
0
0
0
0
0
0
0
0
0
0
0
0
0
0
0
0
0
0
0
0
0
-336
-1534
-4312
-8181
-10439
-10032
-7076
-4098
-1572
-468
0
0
0
0
0
0
0
0
0
0
0
0
0
0
0
0
0
0
-3366
-11955
-23588
-35325
-45010
-45878
-38370
-30658
-21293
-16989
-14157
-14157
-14157
-14157
-14045
-13307
-11334
-7510
-3354
-676
0
0
0
0
0
0
0
0
-8157
-21477
-33881
-48592
-66999
-71421
-69277
-68970
-66153
-63442
-60071
-60325
-60589
-60392
-59219
-54210
-45560
-34408
-19595
-5122
0
0
0
0
0
0
0
0
-4155
-7903
-9561
-11181
-23896
-32130
-40163
-51550
-62499
-69499
-71145
-70953
-72495
-72550
-73273
-70940
-62392
-51317
-33718
-11854
0
0
0
0
0
0
0
0
6276
16508
24805
31891
30441
23561
16210
10075
3913
-3524
-7960
-6011
-8713
-14850
-26270
-33135
-34169
-38874
-27461
-10091
0
0
0
0
0
0
0
0
11046
19890
26315
31148
34408
36502
36533
39362
41101
42045
40905
42357
38225
24200
7178
-5929
-14496
-23188
-13911
-1374
0
0
0
0
0
0
0
0
2970
6681
7008
9165
11856
16447
21504
22784
25663
27493
28732
27778
16895
2257
-4763
-10470
-20549
-14494
-3164
1573
0
0
0
0
0
0
0
0
0
0
0
0
0
720
3346
2445
4500
5190
5377
20
-16321
-20165
-16558
-17516
-20028
-11339
128
237
0
0
0
0
0
0
0
0
0
0
0
0
0
0
0
0
0
0
-2239
-13631
-23421
-19098
-14928
-19865
-11365
-2291
276
-27
0
0
0
0
0
0
0
0
0
0
0
0
0
0
0
0
0
-32
-5714
-17550
-17544
-10371
-13174
-14562
-4911
4472
845
0
0
0
0
0
0
0
0
0
0
0
0
0
0
0
0
0
0
-740
-9739
-16504
-11477
-4701
-12616
-9115
-103
1193
-66
0
0
0
0
0
0
0
0
0
0
0
0
0
0
0
0
0
-296
-5548
-16267
-16913
-10440
-13053
-15162
-7000
2484
-5
0
0
0
0
0
0
0
0
0
0
0
0
0
0
0
0
0
-72
-3234
-15780
-24465
-20000
-16301
-19994
-11282
-1098
1025
-6
0
0
0
0
0
0
0
0
0
0
0
0
0
0
0
0
-8
-1358
-11384
-27483
-27517
-19329
-21377
-15736
-5694
2330
-87
0
0
0
0
0
0
0
0
0
0
0
0
0
0
0
0
0
-211
-7705
-22590
-28780
-23189
-19712
-17055
-7017
463
959
0
0
0
0
0
0
0
0
0
0
0
0
0
0
0
0
0
-120
-2334
-15833
-26960
-21534
-11850
-17245
-7542
654
2647
-84
0
0
0
0
0
0
0
0
0
0
0
0
0
0
0
0
0
-1413
-10669
-24496
-22818
-15258
-11553
-8527
469
4177
499
0
0
0
0
0
0
0
0
0
0
0
0
0
0
0
0
0
-240
-5912
-20765
-25622
-21754
-18839
-21098
-11093
1891
1583
-51
0
0
0
0
0
0
0
0
0
0
0
0
0
0
0
0
0
-2250
-13357
-25226
-27093
-26100
-31410
-25955
-18951
-2749
-114
0
0
0
0
0
0
0
0
0
0
0
0
0
0
0
0
0
0
-4980
-15609
-17707
-21269
-28381
-31477
-23182
-16535
-3153
0
0
0
0
0
0
0
0
0
0
0
0
0
0
0
0
0
0
0
-4500
-6695
-3390
4006
-3939
-11243
-7134
-1017
-154
0
0
0
0
0
0
0
0
0
0
0
0
0
0
0
0
0
0
0
2700
13500
23275
34681
28185
16636
8356
5310
802
0
0
0
0
0
0
0
0
0
0
0
0
0
0
0
0
0
0
0
7320
20894
31136
35117
27747
17534
6823
349
-60
0
0
0
0
0
0
0
0
0
0
0
0
0
0
0
0
0
0
0
0
0
0
0
0
0
0
0
0
0
0
0
0
0
0
0
0
0
0
0
0
0
0
0
0
0
0
0
0
0
0
0
0
0
0
0
0
0
0
0
0
0
0
0
0
0
0
0
0
0
0
0
0
0
0
0
0
0
0
0
0
0
0
0
0
0
0
0
0
0
0
0
0
0
0
0
0
0
0
0
0
0
0
0
0
0
0
0
0
0
0
0
0
0
0
0
0
0
0
0
0
0
0
0
0
0
0
0
0
0
0
0
0
0
0
0
0
0
0
0
0
0
0
0
0
0
0
0
0
0
0
0
0
0
0
0
3822
10724
12677
15933
19864
19348
15171
9489
4302
1566
0
0
0
0
0
0
0
0
0
0
0
0
0
0
0
0
0
0
12117
22063
25509
42976
57235
57280
50818
44389
40206
35541
33264
33264
33264
33264
31990
25837
20055
16811
9839
2262
0
0
0
0
0
0
0
0
10893
18872
26102
43059
47851
45972
47051
50558
58538
62460
63735
63658
63850
64401
64181
55100
43920
35945
22328
6740
0
0
0
0
0
0
0
0
10161
17409
23093
24839
6221
-1997
4138
9185
22398
31349
35493
36325
36487
45760
50370
35996
30726
32488
17140
3657
0
0
0
0
0
0
0
0
4308
7875
3049
-9342
-30807
-33009
-22376
-20344
-11356
-9394
-6617
-3537
-2309
13337
14223
3657
9981
10024
-7563
-8474
0
0
0
0
0
0
0
0
-5130
-5921
-16256
-29756
-43213
-43331
-37191
-41708
-42246
-45341
-46431
-42147
-36381
-19103
-20563
-12022
-100
-24353
-35546
-16231
0
0
0
0
0
0
0
0
-1947
-4056
-6192
-12015
-16788
-20690
-23059
-29185
-36566
-40232
-43417
-35423
-23387
-10082
-2363
8284
-1506
-44095
-43291
-13197
0
0
0
0
0
0
0
0
0
0
0
0
0
-472
-2115
-1802
-5677
-6818
-6102
7886
23983
24063
32364
28321
-18159
-52801
-32176
-5330
0
0
0
0
0
0
0
0
0
0
0
0
0
0
0
0
0
0
7398
25495
35013
36653
37914
8709
-44822
-49977
-16512
-711
0
0
0
0
0
0
0
0
0
0
0
0
0
0
0
0
0
364
14443
32912
29956
32334
25681
-25783
-55505
-33201
-6033
0
0
0
0
0
0
0
0
0
0
0
0
0
0
0
0
0
0
5925
25242
33080
30259
28571
-134
-50311
-49362
-15504
-1738
0
0
0
0
0
0
0
0
0
0
0
0
0
0
0
0
0
3367
16715
31516
30645
33279
25900
-26967
-53522
-27731
-2703
0
0
0
0
0
0
0
0
0
0
0
0
0
0
0
0
0
819
12290
27693
33030
38592
38215
5371
-45744
-44620
-11208
-158
0
0
0
0
0
0
0
0
0
0
0
0
0
0
0
0
91
9679
24731
34726
41169
46462
26264
-27592
-51936
-26846
-2291
0
0
0
0
0
0
0
0
0
0
0
0
0
0
0
0
0
1777
18015
33072
36720
45939
37188
-10724
-53204
-43147
-10745
0
0
0
0
0
0
0
0
0
0
0
0
0
0
0
0
0
1365
12005
30547
33256
40118
42234
2981
-48808
-54256
-24281
-2212
0
0
0
0
0
0
0
0
0
0
0
0
0
0
0
0
0
6726
21786
37639
40016
44720
23649
-34524
-59451
-36167
-8716
0
0
0
0
0
0
0
0
0
0
0
0
0
0
0
0
0
2730
16774
32226
41791
48788
35313
-3245
-47241
-42486
-14950
-1343
0
0
0
0
0
0
0
0
0
0
0
0
0
0
0
0
0
6900
25306
39450
52984
47544
19493
-21243
-40215
-20968
-3002
0
0
0
0
0
0
0
0
0
0
0
0
0
0
0
0
0
0
10170
30497
37670
43266
27882
-5710
-36920
-40567
-10009
0
0
0
0
0
0
0
0
0
0
0
0
0
0
0
0
0
0
0
7830
16952
20623
16958
-7281
-47611
-56965
-41163
-7436
0
0
0
0
0
0
0
0
0
0
0
0
0
0
0
0
0
0
0
4470
8739
7165
-12834
-42874
-69982
-56897
-28246
-4594
0
0
0
0
0
0
0
0
0
0
0
0
0
0
0
0
0
0
0
-960
-652
-6263
-25833
-46442
-53271
-35059
-11534
-1580
0
0
0
0
0
0
0
0
0
0
0
0
0
0
0
0
0
0
0
0
0
0
0
0
0
0
0
0
0
0
0
0
0
0
0
0
0
0
0
0
0
0
0
0
0
0
0
0
0
0
0
0
0
0
0
0
0
0
0
0
0
0
0
0
0
0
0
0
0
0
0
0
0
0
0
0
0
0
0
0
0
0
0
0
0
0
0
0
0
0
0
0
0
0
0
0
0
0
0
0
0
0
0
0
0
0
0
0
0
0
0
0
0
0
0
0
0
0
0
0
0
0
0
0
0
0
0
0
0
0
0
0
0
0
0
0
0
0
0
0
0
0
0
0
0
0
0
0
0
0
0
0
0
0
0
1848
9382
20032
25937
24325
17120
9374
3618
888
36
0
0
0
0
0
0
0
0
0
0
0
0
0
0
0
0
0
0
4800
19837
37313
47821
48592
46388
42389
37068
34025
32829
33165
33165
33165
33165
32549
28175
17914
7124
1366
52
0
0
0
0
0
0
0
0
-3180
-6023
2557
13424
22420
31766
43060
46755
47038
46276
47993
48565
47857
46800
47111
45607
34730
15673
2365
-406
0
0
0
0
0
0
0
0
-16089
-34285
-36075
-24707
-17893
-13223
-2539
3572
4406
2498
4374
6051
4450
6109
18794
36287
38748
21724
2886
-1650
0
0
0
0
0
0
0
0
-16269
-31283
-36890
-31357
-33018
-38880
-37263
-31727
-26214
-27436
-28287
-25542
-23112
-15128
-579
21367
32589
21811
5689
-1423
0
0
0
0
0
0
0
0
-6762
-15786
-16239
-19536
-25640
-32245
-37705
-35004
-34464
-33218
-35474
-31785
-22306
-17541
-15006
-3478
15246
9892
1584
-622
0
0
0
0
0
0
0
0
-990
-3096
-3474
-3981
-7455
-10732
-15075
-15183
-18732
-20216
-21748
-17677
-8804
-15131
-15128
-3652
7582
3434
-3794
-1998
0
0
0
0
0
0
0
0
0
0
0
0
0
-240
-1326
-1596
-1468
-3455
-2581
4561
3949
-7188
-9563
6881
8233
-1954
-5102
-1967
0
0
0
0
0
0
0
0
0
0
0
0
0
0
0
0
0
0
2846
6090
-2629
-10065
-2899
7307
6691
-3999
-3912
-360
0
0
0
0
0
0
0
0
0
0
0
0
0
0
0
0
0
176
1819
-3410
-10936
-9147
6589
6339
-2402
-3547
-1266
0
0
0
0
0
0
0
0
0
0
0
0
0
0
0
0
0
0
2764
3471
-6964
-11467
1933
8562
3627
-5960
-4761
-880
0
0
0
0
0
0
0
0
0
0
0
0
0
0
0
0
0
1628
9653
6901
-6205
-7754
8202
7295
-3261
-4455
-1206
0
0
0
0
0
0
0
0
0
0
0
0
0
0
0
0
0
396
5909
13617
3967
-6206
1752
8327
3853
-5598
-3273
-80
0
0
0
0
0
0
0
0
0
0
0
0
0
0
0
0
44
4553
14498
10719
-2128
-5033
7453
7686
-2216
-4388
-1160
0
0
0
0
0
0
0
0
0
0
0
0
0
0
0
0
0
834
6862
8336
-104
-9438
-279
6681
3572
-5339
-3164
0
0
0
0
0
0
0
0
0
0
0
0
0
0
0
0
0
660
6690
9821
-1104
-11177
-7395
2600
4029
-3152
-4220
-1120
0
0
0
0
0
0
0
0
0
0
0
0
0
0
0
0
0
2874
11767
4957
-3680
-8556
4482
4698
-1167
-4908
-3031
0
0
0
0
0
0
0
0
0
0
0
0
0
0
0
0
0
1320
7427
9623
947
3286
14795
11741
602
-5105
-4105
-680
0
0
0
0
0
0
0
0
0
0
0
0
0
0
0
0
0
2580
4716
-1070
-1534
13019
26506
17526
-3950
-5777
-1520
0
0
0
0
0
0
0
0
0
0
0
0
0
0
0
0
0
0
-630
-9225
-12600
-11760
6381
13645
8814
-4416
-2544
0
0
0
0
0
0
0
0
0
0
0
0
0
0
0
0
0
0
0
-9540
-34213
-46563
-39654
-9959
2093
3128
-2399
-818
0
0
0
0
0
0
0
0
0
0
0
0
0
0
0
0
0
0
0
-13440
-39233
-51345
-33737
-6701
535
-2729
-3164
-700
0
0
0
0
0
0
0
0
0
0
0
0
0
0
0
0
0
0
0
-8040
-22058
-26930
-16649
-8018
-3029
-5494
-4667
-800
0
0
0
0
0
0
0
0
0
0
0
0
0
0
0
0
0
0
0
0
0
0
0
0
0
0
0
0
0
0
0
0
0
0
0
0
0
0
0
0
0
0
0
0
0
0
0
0
0
0
0
0
0
0
0
0
0
0
0
0
0
0
0
0
0
0
0
0
0
0
0
0
0
0
0
0
0
0
0
0
0
0
0
0
0
0
0
0
0
0
0
0
0
0
0
0
0
0
0
0
0
0
0
0
0
0
0
0
0
0
0
0
0
0
0
0
0
0
0
0
0
0
0
0
0
0
0
0
0
0
0
0
0
0
0
0
0
0
0
0
0
0
0
0
0
0
0
0
0
0
0
0
0
0
0
1638
6990
12255
15280
15688
11235
7378
3048
1236
180
0
0
0
0
0
0
0
0
0
0
0
0
0
0
0
0
0
0
3531
13120
22960
37116
46302
45593
40500
32078
26641
22971
22077
22077
22077
22077
21531
18096
11729
6476
2202
260
0
0
0
0
0
0
0
0
-2376
-999
4457
21185
40006
51188
58341
59289
54858
51638
49123
49675
49234
48768
49532
48063
39596
25834
11104
1688
0
0
0
0
0
0
0
0
-7548
-22164
-34565
-32942
-17207
-6634
7841
24398
32064
36089
33270
35384
35314
37208
45203
50041
54033
46933
26382
5634
0
0
0
0
0
0
0
0
-7608
-21242
-40347
-55820
-55320
-58312
-59162
-49902
-38649
-29790
-30560
-28944
-24147
-19966
-11184
1106
23818
37607
28764
9516
0
0
0
0
0
0
0
0
564
-3011
-11762
-24176
-30630
-36061
-47971
-54914
-57362
-54036
-53813
-55891
-46876
-40379
-39400
-33116
-11501
11443
13947
6810
0
0
0
0
0
0
0
0
825
1722
324
-2046
-2913
-2604
-5858
-10988
-16787
-19366
-19429
-20661
-14505
-14399
-17494
-16255
-10531
1143
3380
512
0
0
0
0
0
0
0
0
0
0
0
0
0
200
897
208
-665
-1255
-199
3378
4033
-2902
-5387
-3
3748
2210
406
-1249
0
0
0
0
0
0
0
0
0
0
0
0
0
0
0
0
0
0
2023
5476
2354
-3485
-3639
-1943
2096
3890
-158
-261
0
0
0
0
0
0
0
0
0
0
0
0
0
0
0
0
0
156
1975
1960
-4703
-7372
-3855
-2029
-4268
-1353
-485
0
0
0
0
0
0
0
0
0
0
0
0
0
0
0
0
0
0
2381
3821
-1766
-10141
-7615
-972
1373
-228
-3547
-638
0
0
0
0
0
0
0
0
0
0
0
0
0
0
0
0
0
1443
6527
7584
131
-5751
-5332
-305
124
31
-835
0
0
0
0
0
0
0
0
0
0
0
0
0
0
0
0
0
351
4316
10072
7232
2731
1036
-82
1450
1688
-1885
-58
0
0
0
0
0
0
0
0
0
0
0
0
0
0
0
0
39
3849
9914
8339
3217
1487
2387
2511
596
266
-841
0
0
0
0
0
0
0
0
0
0
0
0
0
0
0
0
0
722
4262
8802
2895
-31
-300
64
226
667
-1743
0
0
0
0
0
0
0
0
0
0
0
0
0
0
0
0
0
585
5185
8245
1294
-5414
-2941
-2018
-3659
-2620
-850
-812
0
0
0
0
0
0
0
0
0
0
0
0
0
0
0
0
0
2289
7731
6459
1155
-5615
-6080
-2663
-5101
-3052
-1863
0
0
0
0
0
0
0
0
0
0
0
0
0
0
0
0
0
1170
5340
8731
6308
7343
6851
5388
-796
-3506
-2931
-493
0
0
0
0
0
0
0
0
0
0
0
0
0
0
0
0
0
1770
4727
2621
574
8314
12985
19628
9764
-431
-1102
0
0
0
0
0
0
0
0
0
0
0
0
0
0
0
0
0
0
90
-1604
-4660
-9415
-4250
6109
14626
14615
2383
0
0
0
0
0
0
0
0
0
0
0
0
0
0
0
0
0
0
0
-5370
-18909
-31234
-34245
-23749
-9514
-672
8191
1958
0
0
0
0
0
0
0
0
0
0
0
0
0
0
0
0
0
0
0
-5490
-19633
-39880
-52002
-40830
-20994
-10516
-2757
-114
0
0
0
0
0
0
0
0
0
0
0
0
0
0
0
0
0
0
0
-2520
-10914
-25137
-36741
-35960
-21330
-8224
-4033
-580
0
0
0
0
0
0
0
0
0
0
0
0
0
0
0
0
0
0
0
0
0
0
0
0
0
0
0
0
0
0
0
0
0
0
0
0
0
0
0
0
0
0
0
0
0
0
0
0
0
0
0
0
0
0
0
0
0
0
0
0
0
0
0
0
0
0
0
0
0
0
0
0
0
0
0
0
0
0
0
0
0
0
0
0
0
0
0
0
0
0
0
0
0
0
0
0
0
0
0
0
0
0
0
0
0
0
0
0
0
0
0
0
0
0
0
0
0
0
0
0
0
0
0
0
0
0
0
0
0
0
0
0
0
0
0
0
0
0
0
0
0
0
0
0
0
0
0
0
0
0
0
0
0
0
0
-420
340
2642
4856
10396
12506
10411
7473
3126
1422
0
0
0
0
0
0
0
0
0
0
0
0
0
0
0
0
0
0
-2580
-4520
-7447
-2207
13582
21904
24326
24070
20995
18336
15543
15543
15543
15543
15683
15853
14119
11807
7807
2054
0
0
0
0
0
0
0
0
-5055
-17643
-29352
-27527
-6573
4007
10103
14859
15186
15173
12874
12339
13574
13082
13702
17045
21888
23920
19004
7168
0
0
0
0
0
0
0
0
-5727
-24060
-47208
-38960
-13283
-6496
-5532
-4578
-4094
-5363
-7625
-9032
-5418
-6629
-4334
512
14703
36459
31838
11041
0
0
0
0
0
0
0
0
-8892
-30080
-53257
-37219
-10754
-8065
-9732
-12177
-8519
-9408
-12926
-14098
-10117
-11134
-15131
-11333
15063
51663
44612
12788
0
0
0
0
0
0
0
0
-7176
-24033
-35357
-19752
-11303
-17187
-22035
-20632
-16417
-11726
-16208
-16382
-13382
-16329
-26342
-27378
21176
66089
49050
11931
0
0
0
0
0
0
0
0
-1584
-6168
-9273
-5082
-3615
-11263
-16410
-16917
-12542
-7550
-13111
-11513
-10922
-24886
-42552
-37549
27489
71827
42817
6785
0
0
0
0
0
0
0
0
0
0
0
0
0
-384
-2416
-4160
-2913
-992
-5308
-4926
-12222
-36048
-60325
-27941
47163
62537
24396
1913
0
0
0
0
0
0
0
0
0
0
0
0
0
0
0
0
0
0
-1675
-7846
-28047
-55251
-52080
10420
64764
45424
8902
198
0
0
0
0
0
0
0
0
0
0
0
0
0
0
0
0
0
-40
-3790
-16434
-44903
-67234
-23731
49118
60624
23360
2728
0
0
0
0
0
0
0
0
0
0
0
0
0
0
0
0
0
0
-770
-6214
-28671
-59477
-52086
17230
64733
41516
8173
484
0
0
0
0
0
0
0
0
0
0
0
0
0
0
0
0
0
-370
-2425
-13747
-41344
-63212
-19207
53698
59589
17398
848
0
0
0
0
0
0
0
0
0
0
0
0
0
0
0
0
0
-90
-2125
-6645
-26680
-51945
-44790
18216
65320
38336
4707
44
0
0
0
0
0
0
0
0
0
0
0
0
0
0
0
0
-10
-1295
-3534
-17991
-41076
-51953
-12979
51295
56969
16596
638
0
0
0
0
0
0
0
0
0
0
0
0
0
0
0
0
0
-225
-4495
-14613
-36307
-57757
-31969
27529
62040
36292
4326
0
0
0
0
0
0
0
0
0
0
0
0
0
0
0
0
0
-150
-1355
-6228
-28106
-56164
-49278
5714
54479
50168
14683
616
0
0
0
0
0
0
0
0
0
0
0
0
0
0
0
0
0
-1185
-4846
-20430
-44276
-59417
-14971
47237
55708
27841
3237
0
0
0
0
0
0
0
0
0
0
0
0
0
0
0
0
0
-300
-2920
-11272
-37178
-59651
-37394
33959
67962
39613
7711
374
0
0
0
0
0
0
0
0
0
0
0
0
0
0
0
0
0
-1650
-8265
-27528
-56882
-58311
-1064
67554
65763
18013
836
0
0
0
0
0
0
0
0
0
0
0
0
0
0
0
0
0
0
-3300
-17621
-47664
-75711
-44529
32608
74460
45264
7116
0
0
0
0
0
0
0
0
0
0
0
0
0
0
0
0
0
0
0
-4980
-28779
-68247
-81911
-26470
36647
63862
31696
4610
0
0
0
0
0
0
0
0
0
0
0
0
0
0
0
0
0
0
0
-6000
-28540
-62224
-61412
-6136
40431
48723
18209
2232
0
0
0
0
0
0
0
0
0
0
0
0
0
0
0
0
0
0
0
-6240
-25268
-45911
-32689
7555
32639
25205
5685
440
0
0
0
0
0
0
0
0
0
0
0
0
0
0
0
0
0
0
0
0
0
0
0
0
0
0
0
0
0
0
0
0
0
0
0
0
0
0
0
0
0
0
0
0
0
0
0
0
0
0
0
0
0
0
0
0
0
0
0
0
0
0
0
0
0
0
0
0
0
0
0
0
0
0
0
0
0
0
0
0
0
0
0
0
0
0
0
0
0
0
0
0
0
0
0
0
0
0
0
0
0
0
0
0
0
0
0
0
0
0
0
0
0
0
0
0
0
0
0
0
0
0
0
0
0
0
0
0
0
0
0
0
0
0
0
0
0
0
0
0
0
0
0
0
0
0
0
0
0
0
0
0
0
0
0
-1806
-6644
-13317
-18919
-17966
-14027
-7889
-3618
-1014
-144
0
0
0
0
0
0
0
0
0
0
0
0
0
0
0
0
0
0
-9477
-24717
-38275
-46216
-43523
-39215
-34059
-29556
-26651
-25206
-25146
-25146
-25146
-25146
-24544
-21111
-14873
-6943
-1798
-208
0
0
0
0
0
0
0
0
-12591
-20449
-26531
-30601
-32763
-38947
-43836
-49680
-51391
-51640
-52205
-52644
-52163
-51826
-49948
-41032
-28959
-15940
-4322
-404
0
0
0
0
0
0
0
0
4968
11861
19519
26081
19491
9972
-2658
-10501
-19348
-22850
-24404
-25473
-23198
-27160
-33096
-35571
-25882
-14612
-5769
-680
0
0
0
0
0
0
0
0
18279
35259
44397
55806
56165
52082
45976
47129
44622
41529
40522
40998
40953
23731
8125
-1003
-896
5329
3007
-612
0
0
0
0
0
0
0
0
12627
25006
28658
30668
36485
41929
46900
48686
55083
58911
57920
59598
47513
31633
21610
18770
17252
14568
8421
1136
0
0
0
0
0
0
0
0
2508
6048
6393
6411
8001
13648
20098
18358
21160
24143
24723
20926
357
-58
11446
12829
16664
13554
4178
1377
0
0
0
0
0
0
0
0
0
0
0
0
0
608
2924
2416
3325
3341
3295
-10438
-22607
-9985
12659
22096
17081
8793
1445
68
0
0
0
0
0
0
0
0
0
0
0
0
0
0
0
0
0
0
-6086
-21532
-15783
9069
20656
24657
16996
2626
155
-45
0
0
0
0
0
0
0
0
0
0
0
0
0
0
0
0
0
-172
-11164
-16369
-828
22215
27814
19978
10460
3592
609
0
0
0
0
0
0
0
0
0
0
0
0
0
0
0
0
0
0
-3157
-15430
-9366
13049
23172
25625
16100
1404
-160
-110
0
0
0
0
0
0
0
0
0
0
0
0
0
0
0
0
0
-1591
-14679
-20018
-3247
17542
22242
17209
7194
1290
-81
0
0
0
0
0
0
0
0
0
0
0
0
0
0
0
0
0
-387
-9450
-26595
-19826
7023
17518
20275
13273
1443
548
-10
0
0
0
0
0
0
0
0
0
0
0
0
0
0
0
0
-43
-5415
-23627
-29399
-7736
17438
23608
17491
7196
1149
-145
0
0
0
0
0
0
0
0
0
0
0
0
0
0
0
0
0
-929
-17763
-26010
-14745
12763
27709
24138
13896
1371
581
0
0
0
0
0
0
0
0
0
0
0
0
0
0
0
0
0
-645
-7874
-24945
-19929
8862
30735
29688
19563
6176
1189
-140
0
0
0
0
0
0
0
0
0
0
0
0
0
0
0
0
0
-4518
-22192
-21881
-1788
20968
34504
24333
10490
1348
214
0
0
0
0
0
0
0
0
0
0
0
0
0
0
0
0
0
-1290
-14065
-27199
-17391
7178
18582
17785
12925
2809
351
-85
0
0
0
0
0
0
0
0
0
0
0
0
0
0
0
0
0
-5940
-20288
-18438
-9028
6521
13150
9624
1906
-346
-190
0
0
0
0
0
0
0
0
0
0
0
0
0
0
0
0
0
0
-8400
-12683
-3601
9162
16373
15971
12036
2342
121
0
0
0
0
0
0
0
0
0
0
0
0
0
0
0
0
0
0
0
-1110
10119
27387
50920
41331
25560
15045
3568
312
0
0
0
0
0
0
0
0
0
0
0
0
0
0
0
0
0
0
0
11700
35615
50647
59238
43439
22687
8554
4064
610
0
0
0
0
0
0
0
0
0
0
0
0
0
0
0
0
0
0
0
12180
33161
42254
34839
23804
12631
1082
-812
-100
0
0
0
0
0
0
0
0
0
0
0
