0
0
0
0
0
0
0
0
0
0
0
0
0
0
0
0
0
0
0
0
0
0
0
0
0
0
0
0
0
0
0
0
0
0
0
0
0
0
0
0
0
0
0
0
0
0
0
0
0
0
0
0
0
0
0
0
0
0
0
0
0
0
0
0
0
0
0
0
0
0
-684
-5693
-9950
-6083
2193
2147
270
0
0
0
0
0
0
0
0
0
0
0
0
0
0
0
0
0
0
0
0
0
-2992
-17428
-17468
4094
15015
2964
-875
0
0
0
0
0
0
0
0
0
0
0
0
0
0
0
0
0
0
0
0
0
-6725
-25114
-5279
29398
21151
-6460
-4114
0
0
0
0
0
0
0
0
0
0
0
0
0
0
0
0
0
0
0
0
-792
-12520
-20039
19175
37437
3893
-22008
-6497
0
0
0
0
0
0
0
0
0
0
0
0
0
0
0
0
0
0
0
0
-3184
-19060
-9886
32428
23806
-17102
-22155
-3088
0
0
0
0
0
0
0
0
0
0
0
0
0
0
0
0
0
0
0
0
-8038
-23368
6000
39647
8503
-25067
-15406
-41
0
0
0
0
0
0
0
0
0
0
0
0
0
0
0
0
0
0
0
-576
-14776
-20729
21705
34269
-6914
-25985
-7661
0
0
0
0
0
0
0
0
0
0
0
0
0
0
0
0
0
0
0
0
-2908
-21362
-12870
30832
23546
-15680
-22010
-2674
0
0
0
0
0
0
0
0
0
0
0
0
0
0
0
0
0
0
0
0
-6972
-21885
820
36145
15856
-20997
-17904
-401
0
0
0
0
0
0
0
0
0
0
0
0
0
0
0
0
0
0
0
-1008
-13277
-19829
15276
37928
4466
-25880
-14910
-5
0
0
0
0
0
0
0
0
0
0
0
0
0
0
0
0
0
0
0
-4360
-20245
-13459
30649
32307
-12833
-27323
-9684
0
0
0
0
0
0
0
0
0
0
0
0
0
0
0
0
0
0
0
0
-9312
-22935
1338
40028
17409
-23972
-22311
-3153
0
0
0
0
0
0
0
0
0
0
0
0
0
0
0
0
0
0
0
-432
-13830
-18682
17821
39245
1453
-27466
-14853
-334
0
0
0
0
0
0
0
0
0
0
0
0
0
0
0
0
0
0
0
-3072
-19497
-12570
30055
31323
-13905
-26878
-8730
-4
0
0
0
0
0
0
0
0
0
0
0
0
0
0
0
0
0
0
0
-7920
-22500
-553
36852
16638
-23854
-22097
-3042
0
0
0
0
0
0
0
0
0
0
0
0
0
0
0
0
0
0
0
0
-12708
-20060
11935
34979
3769
-24588
-15319
-40
0
0
0
0
0
0
0
0
0
0
0
0
0
0
0
0
0
0
0
-1080
-16863
-16494
19077
30628
-5094
-23339
-10779
0
0
0
0
0
0
0
0
0
0
0
0
0
0
0
0
0
0
0
0
-4800
-22027
-11034
28727
27695
-12021
-23325
-8001
0
0
0
0
0
0
0
0
0
0
0
0
0
0
0
0
0
0
0
-180
-11117
-22955
2598
37597
19657
-20143
-22789
-4546
0
0
0
0
0
0
0
0
0
0
0
0
0
0
0
0
0
0
0
-452
-14859
-15402
20443
41331
4655
-27670
-19852
-2536
0
0
0
0
0
0
0
0
0
0
0
0
0
0
0
0
0
0
0
-427
-10288
3751
37449
29567
-18790
-30178
-12484
-107
0
0
0
0
0
0
0
0
0
0
0
0
0
0
0
0
0
0
0
55
-36
18404
28029
-492
-30873
-21521
-4877
-1
0
0
0
0
0
0
0
0
0
0
0
0
0
0
0
0
0
0
0
156
5345
13511
1074
-17733
-20245
-8734
-430
0
0
0
0
0
0
0
0
0
0
0
0
0
0
0
0
0
0
0
0
36
1766
666
-6911
-8556
-3054
-238
-5
0
0
0
0
0
0
0
0
0
0
0
0
0
0
0
0
0
0
0
0
0
0
0
0
0
0
0
0
0
0
0
0
0
0
0
0
0
0
0
0
0
0
0
0
0
0
0
0
0
0
0
0
0
0
0
0
0
0
0
0
0
0
0
0
0
0
0
0
0
0
0
0
0
0
0
0
0
0
0
0
0
0
0
0
0
0
0
0
0
0
0
0
0
0
0
0
0
0
0
0
0
0
0
0
0
0
0
0
0
0
0
0
0
0
0
0
0
0
0
0
0
0
0
0
0
0
0
0
0
0
0
0
0
0
0
0
0
0
1216
8071
2790
-3036
-8902
-13549
-4590
0
0
0
0
0
0
0
0
0
0
0
0
0
0
0
0
0
0
0
0
0
4158
18302
11333
-8039
-26137
-33574
-10343
0
0
0
0
0
0
0
0
0
0
0
0
0
0
0
0
0
0
0
0
0
9047
31057
20376
-13377
-41572
-37988
-7043
0
0
0
0
0
0
0
0
0
0
0
0
0
0
0
0
0
0
0
0
1408
17979
43971
32092
-18987
-53525
-35161
-2636
0
0
0
0
0
0
0
0
0
0
0
0
0
0
0
0
0
0
0
0
4316
27792
46823
33525
-13603
-42100
-20177
-1429
0
0
0
0
0
0
0
0
0
0
0
0
0
0
0
0
0
0
0
0
11398
36730
44975
17517
-28300
-36710
-8797
-369
0
0
0
0
0
0
0
0
0
0
0
0
0
0
0
0
0
0
0
1024
21020
47870
39077
-1107
-42108
-32467
-4494
0
0
0
0
0
0
0
0
0
0
0
0
0
0
0
0
0
0
0
0
4192
30606
56078
32858
-17268
-47567
-28366
-1558
0
0
0
0
0
0
0
0
0
0
0
0
0
0
0
0
0
0
0
0
9286
41086
58666
23820
-33930
-49299
-21708
-394
0
0
0
0
0
0
0
0
0
0
0
0
0
0
0
0
0
0
0
1792
17989
47452
55336
14319
-41441
-44197
-11702
-45
0
0
0
0
0
0
0
0
0
0
0
0
0
0
0
0
0
0
0
6040
28318
52445
42683
-3424
-42787
-32146
-5003
0
0
0
0
0
0
0
0
0
0
0
0
0
0
0
0
0
0
0
0
12352
39284
53481
26469
-23455
-40476
-19241
-1883
0
0
0
0
0
0
0
0
0
0
0
0
0
0
0
0
0
0
0
768
21344
50248
49306
9563
-39251
-38161
-9743
-434
0
0
0
0
0
0
0
0
0
0
0
0
0
0
0
0
0
0
0
4728
30087
57186
42891
-5985
-44407
-31163
-3968
-36
0
0
0
0
0
0
0
0
0
0
0
0
0
0
0
0
0
0
0
10236
39281
59497
29893
-23893
-44114
-22232
-1658
0
0
0
0
0
0
0
0
0
0
0
0
0
0
0
0
0
0
0
0
18906
49141
56162
15559
-39419
-44162
-16152
-360
0
0
0
0
0
0
0
0
0
0
0
0
0
0
0
0
0
0
0
1920
28103
59982
51729
850
-50434
-44566
-12190
0
0
0
0
0
0
0
0
0
0
0
0
0
0
0
0
0
0
0
0
6700
35570
66738
45497
-13774
-53570
-39010
-7742
0
0
0
0
0
0
0
0
0
0
0
0
0
0
0
0
0
0
0
320
14503
44560
65759
31633
-30945
-50533
-27498
-2647
0
0
0
0
0
0
0
0
0
0
0
0
0
0
0
0
0
0
0
498
23013
52150
59266
21444
-36800
-42713
-16079
-1090
0
0
0
0
0
0
0
0
0
0
0
0
0
0
0
0
0
0
0
563
23339
54319
52476
15859
-21659
-20756
-4609
-320
0
0
0
0
0
0
0
0
0
0
0
0
0
0
0
0
0
0
0
616
19367
47250
44741
17496
-3253
-6031
-2419
-9
0
0
0
0
0
0
0
0
0
0
0
0
0
0
0
0
0
0
0
235
10798
31722
35565
19440
4242
-537
-655
0
0
0
0
0
0
0
0
0
0
0
0
0
0
0
0
0
0
0
0
22
1279
10597
19601
15164
3981
-547
-45
0
0
0
0
0
0
0
0
0
0
0
0
0
0
0
0
0
0
0
0
0
0
0
0
0
0
0
0
0
0
0
0
0
0
0
0
0
0
0
0
0
0
0
0
0
0
0
0
0
0
0
0
0
0
0
0
0
0
0
0
0
0
0
0
0
0
0
0
0
0
0
0
0
0
0
0
0
0
0
0
0
0
0
0
0
0
0
0
0
0
0
0
0
0
0
0
0
0
0
0
0
0
0
0
0
0
0
0
0
0
0
0
0
0
0
0
0
0
0
0
0
0
0
0
0
0
0
0
0
0
0
0
0
0
0
0
0
0
-152
-1377
-3719
-7704
-8566
-5678
-1404
0
0
0
0
0
0
0
0
0
0
0
0
0
0
0
0
0
0
0
0
0
-1465
-10857
-19503
-23498
-26552
-26231
-7924
0
0
0
0
0
0
0
0
0
0
0
0
0
0
0
0
0
0
0
0
0
-3681
-17651
-26007
-28453
-30526
-31222
-8501
0
0
0
0
0
0
0
0
0
0
0
0
0
0
0
0
0
0
0
0
-176
-6115
-16577
-19303
-18090
-20409
-16782
-125
0
0
0
0
0
0
0
0
0
0
0
0
0
0
0
0
0
0
0
0
-1634
-9852
-7617
-8637
-13066
-18173
-9518
1642
0
0
0
0
0
0
0
0
0
0
0
0
0
0
0
0
0
0
0
0
-3990
-12098
-7393
-9674
-14737
-17894
-3166
-123
0
0
0
0
0
0
0
0
0
0
0
0
0
0
0
0
0
0
0
-128
-7919
-12893
-6970
-13722
-19771
-14530
414
0
0
0
0
0
0
0
0
0
0
0
0
0
0
0
0
0
0
0
0
-1320
-10606
-11121
-11748
-18099
-26736
-15113
834
0
0
0
0
0
0
0
0
0
0
0
0
0
0
0
0
0
0
0
0
-3845
-11066
-10619
-15691
-20569
-25588
-14688
127
0
0
0
0
0
0
0
0
0
0
0
0
0
0
0
0
0
0
0
-224
-6598
-8812
-8523
-13422
-18807
-18372
-6358
-15
0
0
0
0
0
0
0
0
0
0
0
0
0
0
0
0
0
0
0
-2148
-10720
-10864
-7825
-14403
-18854
-11628
1118
0
0
0
0
0
0
0
0
0
0
0
0
0
0
0
0
0
0
0
0
-5234
-13096
-11905
-10209
-18809
-20435
-9099
1137
0
0
0
0
0
0
0
0
0
0
0
0
0
0
0
0
0
0
0
-96
-7259
-12200
-8759
-11667
-19907
-17476
-5227
62
0
0
0
0
0
0
0
0
0
0
0
0
0
0
0
0
0
0
0
-1188
-8188
-9707
-6867
-12103
-19868
-12568
918
-12
0
0
0
0
0
0
0
0
0
0
0
0
0
0
0
0
0
0
0
-4524
-10482
-9836
-9759
-18117
-21152
-9891
1514
0
0
0
0
0
0
0
0
0
0
0
0
0
0
0
0
0
0
0
0
-6873
-10316
-9799
-14508
-23404
-22298
-9807
-120
0
0
0
0
0
0
0
0
0
0
0
0
0
0
0
0
0
0
0
-240
-7696
-9639
-10112
-17698
-27582
-21405
-6225
0
0
0
0
0
0
0
0
0
0
0
0
0
0
0
0
0
0
0
0
-2330
-7999
-11314
-14243
-21232
-28770
-19824
-3343
0
0
0
0
0
0
0
0
0
0
0
0
0
0
0
0
0
0
0
-40
-6041
-10734
-12828
-15142
-22801
-23729
-14701
-901
0
0
0
0
0
0
0
0
0
0
0
0
0
0
0
0
0
0
0
-311
-8828
-9311
-7924
-11290
-20600
-16470
-6531
1292
0
0
0
0
0
0
0
0
0
0
0
0
0
0
0
0
0
0
0
-278
-4602
-237
9057
6838
-7561
-6350
328
-55
0
0
0
0
0
0
0
0
0
0
0
0
0
0
0
0
0
0
0
96
6725
18504
26375
22084
12533
4490
2043
-3
0
0
0
0
0
0
0
0
0
0
0
0
0
0
0
0
0
0
0
514
13119
23797
23972
18543
12795
4601
40
0
0
0
0
0
0
0
0
0
0
0
0
0
0
0
0
0
0
0
0
180
9004
12639
7881
4519
1100
-194
-15
0
0
0
0
0
0
0
0
0
0
0
0
0
0
0
0
0
0
0
0
0
0
0
0
0
0
0
0
0
0
0
0
0
0
0
0
0
0
0
0
0
0
0
0
0
0
0
0
0
0
0
0
0
0
0
0
0
0
0
0
0
0
0
0
0
0
0
0
0
0
0
0
0
0
0
0
0
0
0
0
0
0
0
0
0
0
0
0
0
0
0
0
0
0
0
0
0
0
0
0
0
0
0
0
0
0
0
0
0
0
0
0
0
0
0
0
0
0
0
0
0
0
0
0
0
0
0
0
0
0
0
0
0
0
0
0
0
0
1729
12621
12178
5826
14023
16125
4698
0
0
0
0
0
0
0
0
0
0
0
0
0
0
0
0
0
0
0
0
0
4825
19913
14444
16431
32093
23337
4917
0
0
0
0
0
0
0
0
0
0
0
0
0
0
0
0
0
0
0
0
0
9320
28547
16658
23371
32080
4117
-4591
0
0
0
0
0
0
0
0
0
0
0
0
0
0
0
0
0
0
0
0
2002
18990
33848
23701
31333
17009
-22978
-11122
0
0
0
0
0
0
0
0
0
0
0
0
0
0
0
0
0
0
0
0
4878
24514
22254
18416
20008
-13884
-41045
-9473
0
0
0
0
0
0
0
0
0
0
0
0
0
0
0
0
0
0
0
0
12549
29755
17436
22281
12935
-30174
-35433
-3239
0
0
0
0
0
0
0
0
0
0
0
0
0
0
0
0
0
0
0
1456
20809
32563
18783
26785
3744
-36395
-22104
0
0
0
0
0
0
0
0
0
0
0
0
0
0
0
0
0
0
0
0
5045
26906
29577
21741
22112
-9003
-34613
-10382
0
0
0
0
0
0
0
0
0
0
0
0
0
0
0
0
0
0
0
0
9602
31220
27486
22169
16305
-22893
-32670
-3084
0
0
0
0
0
0
0
0
0
0
0
0
0
0
0
0
0
0
0
2548
19221
30470
25342
24264
4449
-38073
-31720
-395
0
0
0
0
0
0
0
0
0
0
0
0
0
0
0
0
0
0
0
6986
25956
29453
25586
25453
-11250
-44562
-24703
0
0
0
0
0
0
0
0
0
0
0
0
0
0
0
0
0
0
0
0
12419
29970
27088
23289
16900
-26677
-42025
-12905
0
0
0
0
0
0
0
0
0
0
0
0
0
0
0
0
0
0
0
1092
20294
32775
23157
23509
3069
-38153
-34121
-3510
0
0
0
0
0
0
0
0
0
0
0
0
0
0
0
0
0
0
0
6036
26648
29586
22569
22996
-14202
-43369
-22988
-316
0
0
0
0
0
0
0
0
0
0
0
0
0
0
0
0
0
0
0
10437
28878
29669
23178
16079
-25829
-38676
-11558
0
0
0
0
0
0
0
0
0
0
0
0
0
0
0
0
0
0
0
0
18150
32720
26847
22732
7212
-31549
-30752
-3160
0
0
0
0
0
0
0
0
0
0
0
0
0
0
0
0
0
0
0
2730
24974
34128
28245
25103
-2303
-32281
-22174
0
0
0
0
0
0
0
0
0
0
0
0
0
0
0
0
0
0
0
0
7810
28026
33424
26962
22133
-13890
-35165
-17778
0
0
0
0
0
0
0
0
0
0
0
0
0
0
0
0
0
0
0
455
15207
31907
33994
28178
16595
-28143
-39866
-13207
0
0
0
0
0
0
0
0
0
0
0
0
0
0
0
0
0
0
0
422
19802
28119
26116
22242
-2163
-43208
-39626
-6902
0
0
0
0
0
0
0
0
0
0
0
0
0
0
0
0
0
0
0
401
12568
13668
10670
-824
-41158
-56778
-32095
-2734
0
0
0
0
0
0
0
0
0
0
0
0
0
0
0
0
0
0
0
337
6752
7654
-3964
-23215
-57988
-47869
-16287
-79
0
0
0
0
0
0
0
0
0
0
0
0
0
0
0
0
0
0
0
-209
-2073
-2065
-13471
-29125
-42552
-26829
-5375
0
0
0
0
0
0
0
0
0
0
0
0
0
0
0
0
0
0
0
0
-118
-5883
-7445
-10934
-16730
-16088
-7397
-395
0
0
0
0
0
0
0
0
0
0
0
0
0
0
0
0
0
0
0
0
0
0
0
0
0
0
0
0
0
0
0
0
0
0
0
0
0
0
0
0
0
0
0
0
0
0
0
0
0
0
0
0
0
0
0
0
0
0
0
0
0
0
0
0
0
0
0
0
0
0
0
0
0
0
0
0
0
0
0
0
0
0
0
0
0
0
0
0
0
0
0
0
0
0
0
0
0
0
0
0
0
0
0
0
0
0
0
0
0
0
0
0
0
0
0
0
0
0
0
0
0
0
0
0
0
0
0
0
0
0
0
0
0
0
0
0
0
0
836
8001
20709
22464
12144
2738
108
0
0
0
0
0
0
0
0
0
0
0
0
0
0
0
0
0
0
0
0
0
1854
10903
24671
29204
16295
875
-1052
0
0
0
0
0
0
0
0
0
0
0
0
0
0
0
0
0
0
0
0
0
867
-1126
9228
21185
19399
1367
-1455
0
0
0
0
0
0
0
0
0
0
0
0
0
0
0
0
0
0
0
0
968
1537
-9378
2043
16271
17970
3571
467
0
0
0
0
0
0
0
0
0
0
0
0
0
0
0
0
0
0
0
0
1804
-1223
-13701
-523
14342
10100
-5455
-1463
0
0
0
0
0
0
0
0
0
0
0
0
0
0
0
0
0
0
0
0
2050
-5211
-10428
7175
15049
4030
-5409
-1640
0
0
0
0
0
0
0
0
0
0
0
0
0
0
0
0
0
0
0
704
720
-9330
680
15920
16633
-1542
-3971
0
0
0
0
0
0
0
0
0
0
0
0
0
0
0
0
0
0
0
0
2036
-4202
-12634
9224
25520
13122
-6183
-2528
0
0
0
0
0
0
0
0
0
0
0
0
0
0
0
0
0
0
0
0
1306
-11907
-14784
8209
24945
9857
-6865
-1155
0
0
0
0
0
0
0
0
0
0
0
0
0
0
0
0
0
0
0
1232
2009
-11353
-13488
8657
17439
4354
-4576
-200
0
0
0
0
0
0
0
0
0
0
0
0
0
0
0
0
0
0
0
2672
732
-10062
-5183
13912
12423
-2102
-3173
0
0
0
0
0
0
0
0
0
0
0
0
0
0
0
0
0
0
0
0
676
-6919
-11347
5285
17062
8114
-6168
-3278
0
0
0
0
0
0
0
0
0
0
0
0
0
0
0
0
0
0
0
528
-2964
-13081
-10230
10362
16063
3467
-5810
-1452
0
0
0
0
0
0
0
0
0
0
0
0
0
0
0
0
0
0
0
2616
-3141
-13452
-4698
16087
12331
-2237
-3218
-160
0
0
0
0
0
0
0
0
0
0
0
0
0
0
0
0
0
0
0
1920
-8597
-12800
7263
21659
9473
-5981
-2600
0
0
0
0
0
0
0
0
0
0
0
0
0
0
0
0
0
0
0
0
-2682
-13321
-7875
16453
21875
5275
-6475
-1600
0
0
0
0
0
0
0
0
0
0
0
0
0
0
0
0
0
0
0
1320
-5393
-14046
-2003
24018
21532
2022
-4345
0
0
0
0
0
0
0
0
0
0
0
0
0
0
0
0
0
0
0
0
3020
-7102
-15042
1475
24168
14442
-2488
-3007
0
0
0
0
0
0
0
0
0
0
0
0
0
0
0
0
0
0
0
220
2053
-9808
-13588
4123
20499
11114
-4185
-2663
0
0
0
0
0
0
0
0
0
0
0
0
0
0
0
0
0
0
0
78
-6034
-19641
-20567
3318
13612
4164
-4722
-770
0
0
0
0
0
0
0
0
0
0
0
0
0
0
0
0
0
0
0
-529
-20037
-43206
-38654
-2949
6314
-470
-4832
-1303
0
0
0
0
0
0
0
0
0
0
0
0
0
0
0
0
0
0
0
-730
-24009
-42555
-31295
-1178
4726
-3575
-3138
-40
0
0
0
0
0
0
0
0
0
0
0
0
0
0
0
0
0
0
0
-358
-13800
-21672
-14260
-4147
-2319
-4774
-2315
0
0
0
0
0
0
0
0
0
0
0
0
0
0
0
0
0
0
0
0
-60
-3054
-6798
-3892
-2567
-5984
-3635
-200
0
0
0
0
0
0
0
0
0
0
0
0
0
0
0
0
0
0
0
0
0
0
0
0
0
0
0
0
0
0
0
0
0
0
0
0
0
0
0
0
0
0
0
0
0
0
0
0
0
0
0
0
0
0
0
0
0
0
0
0
0
0
0
0
0
0
0
0
0
0
0
0
0
0
0
0
0
0
0
0
0
0
0
0
0
0
0
0
0
0
0
0
0
0
0
0
0
0
0
0
0
0
0
0
0
0
0
0
0
0
0
0
0
0
0
0
0
0
0
0
0
0
0
0
0
0
0
0
0
0
0
0
0
0
0
0
0
0
741
6492
13172
10569
9008
4078
540
0
0
0
0
0
0
0
0
0
0
0
0
0
0
0
0
0
0
0
0
0
1316
6402
16533
22078
27265
14374
2462
0
0
0
0
0
0
0
0
0
0
0
0
0
0
0
0
0
0
0
0
0
1093
2820
6715
14458
32521
25840
6634
0
0
0
0
0
0
0
0
0
0
0
0
0
0
0
0
0
0
0
0
858
2403
-4786
-10872
-4029
12829
18548
5582
0
0
0
0
0
0
0
0
0
0
0
0
0
0
0
0
0
0
0
0
1220
1636
-2079
-7596
-2572
4066
7762
-254
0
0
0
0
0
0
0
0
0
0
0
0
0
0
0
0
0
0
0
0
2327
1773
-4222
-4878
3214
6534
6086
-1189
0
0
0
0
0
0
0
0
0
0
0
0
0
0
0
0
0
0
0
624
1302
-694
-3778
-1484
5640
7542
2024
0
0
0
0
0
0
0
0
0
0
0
0
0
0
0
0
0
0
0
0
1529
698
-1965
-1698
5909
14539
9039
-713
0
0
0
0
0
0
0
0
0
0
0
0
0
0
0
0
0
0
0
0
1245
-2132
-7955
-7642
5059
19993
11814
-739
0
0
0
0
0
0
0
0
0
0
0
0
0
0
0
0
0
0
0
1092
2729
-1324
-10621
-11723
-795
12416
10549
-145
0
0
0
0
0
0
0
0
0
0
0
0
0
0
0
0
0
0
0
1886
3010
-434
-6346
-6687
152
4272
3696
0
0
0
0
0
0
0
0
0
0
0
0
0
0
0
0
0
0
0
0
1101
1228
-3663
-2413
3379
7979
4489
-1221
0
0
0
0
0
0
0
0
0
0
0
0
0
0
0
0
0
0
0
468
-289
-3913
-10567
-6213
5207
10242
6225
-974
0
0
0
0
0
0
0
0
0
0
0
0
0
0
0
0
0
0
0
2112
1274
-4327
-10718
-6907
4353
5998
3194
-116
0
0
0
0
0
0
0
0
0
0
0
0
0
0
0
0
0
0
0
1341
778
-3689
-4649
47
9823
5595
-1098
0
0
0
0
0
0
0
0
0
0
0
0
0
0
0
0
0
0
0
0
-3
-1746
-7350
-2255
7696
14980
7875
-1160
0
0
0
0
0
0
0
0
0
0
0
0
0
0
0
0
0
0
0
1170
-1356
-4417
-8483
-2393
10857
14761
7683
0
0
0
0
0
0
0
0
0
0
0
0
0
0
0
0
0
0
0
0
2160
1165
-4621
-9345
-2500
14411
12632
4347
0
0
0
0
0
0
0
0
0
0
0
0
0
0
0
0
0
0
0
195
2138
764
-7266
-7854
-1755
14333
11636
2137
0
0
0
0
0
0
0
0
0
0
0
0
0
0
0
0
0
0
0
-17
-2500
-5695
-14891
-12339
-3169
6803
7310
193
0
0
0
0
0
0
0
0
0
0
0
0
0
0
0
0
0
0
0
-223
-10036
-22961
-31310
-22429
-5748
1619
3402
-925
0
0
0
0
0
0
0
0
0
0
0
0
0
0
0
0
0
0
0
-409
-9712
-25537
-39356
-37606
-14648
-2696
-626
-29
0
0
0
0
0
0
0
0
0
0
0
0
0
0
0
0
0
0
0
-9
-4117
-12275
-23252
-31029
-18276
-4822
-1580
0
0
0
0
0
0
0
0
0
0
0
0
0
0
0
0
0
0
0
0
50
2493
3025
-2466
-8659
-8140
-2842
-145
0
0
0
0
0
0
0
0
0
0
0
0
0
0
0
0
0
0
0
0
0
0
0
0
0
0
0
0
0
0
0
0
0
0
0
0
0
0
0
0
0
0
0
0
0
0
0
0
0
0
0
0
0
0
0
0
0
0
0
0
0
0
0
0
0
0
0
0
0
0
0
0
0
0
0
0
0
0
0
0
0
0
0
0
0
0
0
0
0
0
0
0
0
0
0
0
0
0
0
0
0
0
0
0
0
0
0
0
0
0
0
0
0
0
0
0
0
0
0
0
0
0
0
0
0
0
0
0
0
0
0
0
0
0
0
0
0
0
-190
-700
3574
4450
7699
12301
4266
0
0
0
0
0
0
0
0
0
0
0
0
0
0
0
0
0
0
0
0
0
-1095
-5935
-8733
-3727
11738
21081
6641
0
0
0
0
0
0
0
0
0
0
0
0
0
0
0
0
0
0
0
0
0
-2555
-10891
-20339
-17984
19525
34094
7659
0
0
0
0
0
0
0
0
0
0
0
0
0
0
0
0
0
0
0
0
-220
-4829
-20740
-38183
-22825
39127
44652
8336
0
0
0
0
0
0
0
0
0
0
0
0
0
0
0
0
0
0
0
0
-1190
-10700
-35393
-55956
-17491
63072
43115
4591
0
0
0
0
0
0
0
0
0
0
0
0
0
0
0
0
0
0
0
0
-2920
-15659
-43932
-51590
11324
68174
27337
902
0
0
0
0
0
0
0
0
0
0
0
0
0
0
0
0
0
0
0
-160
-6397
-26599
-51609
-38210
44005
64866
12094
0
0
0
0
0
0
0
0
0
0
0
0
0
0
0
0
0
0
0
0
-1030
-11013
-39491
-59851
-15464
68441
51432
4693
0
0
0
0
0
0
0
0
0
0
0
0
0
0
0
0
0
0
0
0
-2665
-18691
-49902
-62145
9150
77207
35764
1097
0
0
0
0
0
0
0
0
0
0
0
0
0
0
0
0
0
0
0
-280
-4626
-26372
-59414
-51202
35115
74352
23869
110
0
0
0
0
0
0
0
0
0
0
0
0
0
0
0
0
0
0
0
-1600
-10580
-36921
-63179
-30418
54837
65348
14251
0
0
0
0
0
0
0
0
0
0
0
0
0
0
0
0
0
0
0
0
-3580
-18593
-48658
-61709
-1598
68241
48058
5664
0
0
0
0
0
0
0
0
0
0
0
0
0
0
0
0
0
0
0
-120
-6583
-28145
-59294
-49507
30954
71559
26758
1168
0
0
0
0
0
0
0
0
0
0
0
0
0
0
0
0
0
0
0
-1020
-11006
-39620
-65470
-25160
57712
62637
13318
88
0
0
0
0
0
0
0
0
0
0
0
0
0
0
0
0
0
0
0
-3090
-19149
-50258
-63678
1151
72157
48833
5124
0
0
0
0
0
0
0
0
0
0
0
0
0
0
0
0
0
0
0
0
-5637
-26715
-60145
-54580
30519
76120
31261
880
0
0
0
0
0
0
0
0
0
0
0
0
0
0
0
0
0
0
0
-300
-9776
-38068
-67115
-35096
54719
72495
20271
0
0
0
0
0
0
0
0
0
0
0
0
0
0
0
0
0
0
0
0
-1750
-15305
-48834
-71877
-14852
67440
62390
12891
0
0
0
0
0
0
0
0
0
0
0
0
0
0
0
0
0
0
0
-50
-3970
-22579
-57679
-68050
7796
74911
51389
7466
0
0
0
0
0
0
0
0
0
0
0
0
0
0
0
0
0
0
0
-195
-8155
-33830
-70107
-59128
30015
73916
35020
3559
0
0
0
0
0
0
0
0
0
0
0
0
0
0
0
0
0
0
0
-170
-11470
-44543
-76882
-41832
37988
60724
21517
809
0
0
0
0
0
0
0
0
0
0
0
0
0
0
0
0
0
0
0
-320
-11955
-40131
-62941
-15905
44735
41512
7821
22
0
0
0
0
0
0
0
0
0
0
0
0
0
0
0
0
0
0
0
-352
-11394
-32186
-38497
3722
33063
18273
1735
0
0
0
0
0
0
0
0
0
0
0
0
0
0
0
0
0
0
0
0
-96
-4960
-14618
-13989
7785
13109
2571
110
0
0
0
0
0
0
0
0
0
0
0
0
0
0
0
0
0
0
0
0
0
0
0
0
0
0
0
0
0
0
0
0
0
0
0
0
0
0
0
0
0
0
0
0
0
0
0
0
0
0
0
0
0
0
0
0
0
0
0
0
0
0
0
0
0
0
0
0
0
0
0
0
0
0
0
0
0
0
0
0
0
0
0
0
0
0
0
0
0
0
0
0
0
0
0
0
0
0
0
0
0
0
0
0
0
0
0
0
0
0
0
0
0
0
0
0
0
0
0
0
0
0
0
0
0
0
0
0
0
0
0
0
0
0
0
0
0
0
-817
-6677
-12274
-16465
-10797
-3338
-432
0
0
0
0
0
0
0
0
0
0
0
0
0
0
0
0
0
0
0
0
0
-3977
-23230
-26104
-22963
-14979
-3683
-4
0
0
0
0
0
0
0
0
0
0
0
0
0
0
0
0
0
0
0
0
0
-7127
-21433
-21822
-15700
-3737
-2401
-1158
0
0
0
0
0
0
0
0
0
0
0
0
0
0
0
0
0
0
0
0
-946
-10455
-7802
-3930
-798
11884
7883
932
0
0
0
0
0
0
0
0
0
0
0
0
0
0
0
0
0
0
0
0
-4270
-13866
6177
7224
9072
10804
2933
1247
0
0
0
0
0
0
0
0
0
0
0
0
0
0
0
0
0
0
0
0
-8387
-11630
8852
6078
10859
8251
776
-205
0
0
0
0
0
0
0
0
0
0
0
0
0
0
0
0
0
0
0
-688
-13743
-4764
7383
3882
11668
4588
1399
0
0
0
0
0
0
0
0
0
0
0
0
0
0
0
0
0
0
0
0
-3813
-13361
-959
2611
3042
6026
1649
642
0
0
0
0
0
0
0
0
0
0
0
0
0
0
0
0
0
0
0
0
-7794
-6228
4018
1716
9211
6467
432
30
0
0
0
0
0
0
0
0
0
0
0
0
0
0
0
0
0
0
0
-1204
-11264
-2662
11876
7201
12592
9603
965
-25
0
0
0
0
0
0
0
0
0
0
0
0
0
0
0
0
0
0
0
-5802
-14592
-448
14093
11285
12857
7174
2085
0
0
0
0
0
0
0
0
0
0
0
0
0
0
0
0
0
0
0
0
-9759
-11543
3939
10534
12275
9946
2042
817
0
0
0
0
0
0
0
0
0
0
0
0
0
0
0
0
0
0
0
-516
-9860
-4355
10710
10516
14663
8720
443
-42
0
0
0
0
0
0
0
0
0
0
0
0
0
0
0
0
0
0
0
-3924
-10269
1003
13742
11916
12784
6489
1364
-20
0
0
0
0
0
0
0
0
0
0
0
0
0
0
0
0
0
0
0
-9585
-8006
5449
8434
10054
9111
2088
1070
0
0
0
0
0
0
0
0
0
0
0
0
0
0
0
0
0
0
0
0
-9978
-3767
5936
4373
8546
6185
232
-200
0
0
0
0
0
0
0
0
0
0
0
0
0
0
0
0
0
0
0
-1290
-9281
-1117
6684
3434
7066
4671
476
0
0
0
0
0
0
0
0
0
0
0
0
0
0
0
0
0
0
0
0
-6370
-7756
-478
5647
6640
8154
4688
1564
0
0
0
0
0
0
0
0
0
0
0
0
0
0
0
0
0
0
0
-215
-11861
-5835
3763
8384
12117
10949
2957
14
0
0
0
0
0
0
0
0
0
0
0
0
0
0
0
0
0
0
0
-646
-10679
1870
17672
18379
17372
12257
3558
1030
0
0
0
0
0
0
0
0
0
0
0
0
0
0
0
0
0
0
0
-74
3259
23030
41293
33069
20637
9280
703
-128
0
0
0
0
0
0
0
0
0
0
0
0
0
0
0
0
0
0
0
695
22256
41027
41767
31967
16749
3997
1550
-5
0
0
0
0
0
0
0
0
0
0
0
0
0
0
0
0
0
0
0
634
21107
33614
24668
15169
8190
1241
-115
0
0
0
0
0
0
0
0
0
0
0
0
0
0
0
0
0
0
0
0
152
7628
11878
6975
-872
-3030
-590
-25
0
0
0
0
0
0
0
0
0
0
0
0
0
0
0
0
0
0
0
0
0
0
0
0
0
0
0
0
0
0
0
0
0
0
0
0
0
0
0
0
0
0
0
0
0
0
0
0
0
0
0
0
0
0
0
0
0
0
0
0
0
0
0
0
0
0
0
0
