0
0
0
0
0
0
0
0
0
0
0
0
0
0
0
0
0
0
0
0
0
0
0
0
0
0
0
0
0
0
0
0
0
0
0
0
0
0
0
0
0
0
0
0
0
0
0
0
0
0
0
0
0
0
0
0
0
0
0
0
0
0
0
0
0
0
0
0
0
0
0
0
0
0
0
0
0
0
0
0
0
0
0
0
0
0
0
0
0
0
0
0
0
0
0
0
0
0
-1368
-6814
-10427
-5528
2256
2092
293
5
0
0
0
0
0
0
0
0
0
0
0
0
0
0
0
0
0
0
0
-324
-7487
-22540
-20779
2126
12344
5274
-244
0
0
0
0
0
0
0
0
0
0
0
0
0
0
0
0
0
0
0
0
-2124
-17943
-30675
-7448
27498
23101
2201
-5080
-141
0
0
0
0
0
0
0
0
0
0
0
0
0
0
0
0
0
0
-108
-7348
-26084
-16305
21757
39866
15384
-14120
-13160
-318
0
0
0
0
0
0
0
0
0
0
0
0
0
0
0
0
0
0
-1164
-15796
-24882
2461
35134
30543
-6850
-25299
-15439
-297
0
0
0
0
0
0
0
0
0
0
0
0
0
0
0
0
0
0
-4553
-23005
-15943
16291
37261
14888
-22385
-27970
-8511
-4
0
0
0
0
0
0
0
0
0
0
0
0
0
0
0
0
0
0
-9951
-23335
-3081
26166
34526
579
-28120
-23414
-2746
0
0
0
0
0
0
0
0
0
0
0
0
0
0
0
0
0
0
-1044
-16504
-20007
6574
32307
25656
-13538
-30329
-16427
-36
0
0
0
0
0
0
0
0
0
0
0
0
0
0
0
0
0
0
-4184
-21253
-13277
15976
36674
12269
-24989
-28011
-8249
0
0
0
0
0
0
0
0
0
0
0
0
0
0
0
0
0
0
0
-8691
-21582
-3435
26142
34677
-2959
-30385
-21867
-1866
0
0
0
0
0
0
0
0
0
0
0
0
0
0
0
0
0
0
-1080
-14530
-19916
4674
33522
24263
-17537
-29863
-13882
-24
0
0
0
0
0
0
0
0
0
0
0
0
0
0
0
0
0
0
-3684
-19677
-15083
13658
35901
9823
-25884
-25955
-5856
0
0
0
0
0
0
0
0
0
0
0
0
0
0
0
0
0
0
0
-7530
-21643
-6097
24728
33452
-2765
-27472
-19920
-1102
0
0
0
0
0
0
0
0
0
0
0
0
0
0
0
0
0
0
-504
-12673
-20831
2444
32864
25399
-14892
-27795
-13970
-14
0
0
0
0
0
0
0
0
0
0
0
0
0
0
0
0
0
0
-2612
-19831
-17937
13595
37725
12856
-24734
-26250
-7395
0
0
0
0
0
0
0
0
0
0
0
0
0
0
0
0
0
0
0
-5910
-21472
-6850
27024
36305
-2959
-29565
-20432
-2001
0
0
0
0
0
0
0
0
0
0
0
0
0
0
0
0
0
0
0
-8987
-18339
1823
32530
25943
-17936
-29304
-12824
-26
0
0
0
0
0
0
0
0
0
0
0
0
0
0
0
0
0
0
-72
-11699
-16614
5640
32784
11366
-25465
-24989
-5565
0
0
0
0
0
0
0
0
0
0
0
0
0
0
0
0
0
0
0
-188
-13252
-12506
11787
29306
923
-24075
-19093
-927
0
0
0
0
0
0
0
0
0
0
0
0
0
0
0
0
0
0
0
-186
-8339
-1149
17847
24150
-4813
-21902
-15396
-158
0
0
0
0
0
0
0
0
0
0
0
0
0
0
0
0
0
0
0
11
-41
8033
18468
17761
-10916
-23583
-13354
-2
0
0
0
0
0
0
0
0
0
0
0
0
0
0
0
0
0
0
0
69
3862
9696
12490
3900
-17424
-21572
-9251
0
0
0
0
0
0
0
0
0
0
0
0
0
0
0
0
0
0
0
0
18
1843
5413
4576
-7159
-14811
-11426
-4002
0
0
0
0
0
0
0
0
0
0
0
0
0
0
0
0
0
0
0
0
0
234
1300
-489
-5728
-5692
-1668
-53
0
0
0
0
0
0
0
0
0
0
0
0
0
0
0
0
0
0
0
0
0
0
0
0
0
0
0
0
0
0
0
0
0
0
0
0
0
0
0
0
0
0
0
0
0
0
0
0
0
0
0
0
0
0
0
0
0
0
0
0
0
0
0
0
0
0
0
0
0
0
0
0
0
0
0
0
0
0
0
0
0
0
0
0
0
0
0
0
0
0
0
0
0
0
0
0
0
0
0
0
0
0
0
0
0
0
0
0
0
0
0
0
0
0
0
0
0
0
0
0
0
0
0
0
0
0
0
0
0
0
0
0
0
0
0
0
0
0
2432
8014
2441
-3938
-10505
-13513
-4556
-85
0
0
0
0
0
0
0
0
0
0
0
0
0
0
0
0
0
0
0
576
10017
18990
14510
-14002
-35763
-38058
-17816
-467
0
0
0
0
0
0
0
0
0
0
0
0
0
0
0
0
0
0
0
3226
19983
35538
24807
-24092
-60915
-50407
-25318
-542
0
0
0
0
0
0
0
0
0
0
0
0
0
0
0
0
0
0
192
10162
32737
55565
34458
-32622
-74109
-55753
-19365
-159
0
0
0
0
0
0
0
0
0
0
0
0
0
0
0
0
0
0
1886
19807
47180
65089
36277
-25518
-60382
-49387
-10957
-101
0
0
0
0
0
0
0
0
0
0
0
0
0
0
0
0
0
0
6461
30973
58364
64957
20270
-32401
-48216
-32948
-4057
-36
0
0
0
0
0
0
0
0
0
0
0
0
0
0
0
0
0
0
13658
43154
67654
54819
-341
-44328
-45643
-19998
-1566
0
0
0
0
0
0
0
0
0
0
0
0
0
0
0
0
0
0
1856
23227
53503
71625
41103
-17185
-49333
-40289
-8362
-324
0
0
0
0
0
0
0
0
0
0
0
0
0
0
0
0
0
0
5666
33290
63250
66542
21134
-31896
-46477
-30083
-4011
0
0
0
0
0
0
0
0
0
0
0
0
0
0
0
0
0
0
0
11661
42506
70163
56460
1079
-43562
-41039
-14657
-1362
0
0
0
0
0
0
0
0
0
0
0
0
0
0
0
0
0
0
1920
21143
51700
71242
39109
-18095
-48734
-37504
-6676
-216
0
0
0
0
0
0
0
0
0
0
0
0
0
0
0
0
0
0
4716
30857
60909
68042
20728
-34951
-46471
-28084
-3056
0
0
0
0
0
0
0
0
0
0
0
0
0
0
0
0
0
0
0
10560
40025
67525
57023
1827
-46841
-44454
-17277
-916
0
0
0
0
0
0
0
0
0
0
0
0
0
0
0
0
0
0
896
19953
50501
70516
40806
-18174
-50619
-39760
-8858
-126
0
0
0
0
0
0
0
0
0
0
0
0
0
0
0
0
0
0
3788
28600
59669
68035
24988
-32634
-46561
-28203
-3654
0
0
0
0
0
0
0
0
0
0
0
0
0
0
0
0
0
0
0
7672
38860
66732
55130
3731
-43210
-40778
-14394
-1291
0
0
0
0
0
0
0
0
0
0
0
0
0
0
0
0
0
0
0
14245
47781
72478
44494
-13179
-48122
-35385
-5862
-234
0
0
0
0
0
0
0
0
0
0
0
0
0
0
0
0
0
0
128
21492
55539
74153
33074
-28243
-48002
-29113
-3034
0
0
0
0
0
0
0
0
0
0
0
0
0
0
0
0
0
0
0
212
25299
63100
72201
22371
-39984
-49093
-24129
-883
0
0
0
0
0
0
0
0
0
0
0
0
0
0
0
0
0
0
0
240
24006
65243
69816
20441
-36254
-47351
-21030
-136
0
0
0
0
0
0
0
0
0
0
0
0
0
0
0
0
0
0
0
263
18242
56740
67784
27650
-18596
-29540
-12525
-18
0
0
0
0
0
0
0
0
0
0
0
0
0
0
0
0
0
0
0
112
9652
39861
57217
33536
-1561
-10743
-4524
0
0
0
0
0
0
0
0
0
0
0
0
0
0
0
0
0
0
0
0
11
2134
17568
35803
31056
9284
-2303
-1939
0
0
0
0
0
0
0
0
0
0
0
0
0
0
0
0
0
0
0
0
0
143
2093
9449
14408
9641
1895
-477
0
0
0
0
0
0
0
0
0
0
0
0
0
0
0
0
0
0
0
0
0
0
0
0
0
0
0
0
0
0
0
0
0
0
0
0
0
0
0
0
0
0
0
0
0
0
0
0
0
0
0
0
0
0
0
0
0
0
0
0
0
0
0
0
0
0
0
0
0
0
0
0
0
0
0
0
0
0
0
0
0
0
0
0
0
0
0
0
0
0
0
0
0
0
0
0
0
0
0
0
0
0
0
0
0
0
0
0
0
0
0
0
0
0
0
0
0
0
0
0
0
0
0
0
0
0
0
0
0
0
0
0
0
0
0
0
0
0
-304
-1738
-4585
-8529
-9033
-5680
-1422
-26
0
0
0
0
0
0
0
0
0
0
0
0
0
0
0
0
0
0
0
-72
-3317
-14148
-25097
-30269
-34872
-30202
-10302
-231
0
0
0
0
0
0
0
0
0
0
0
0
0
0
0
0
0
0
0
-851
-10388
-27483
-42537
-49137
-52656
-43426
-21876
-569
0
0
0
0
0
0
0
0
0
0
0
0
0
0
0
0
0
0
-24
-3513
-16413
-29923
-40965
-43591
-43671
-29234
-16751
-200
0
0
0
0
0
0
0
0
0
0
0
0
0
0
0
0
0
0
-385
-8704
-18070
-20684
-26260
-33352
-28025
-18254
-3915
173
0
0
0
0
0
0
0
0
0
0
0
0
0
0
0
0
0
0
-2166
-13099
-16178
-21264
-18840
-29823
-22353
-14777
1087
-12
0
0
0
0
0
0
0
0
0
0
0
0
0
0
0
0
0
0
-5473
-13499
-15995
-19558
-22291
-26591
-19427
-11380
1338
0
0
0
0
0
0
0
0
0
0
0
0
0
0
0
0
0
0
-232
-8391
-11386
-16095
-14785
-24507
-22508
-14772
-2915
-108
0
0
0
0
0
0
0
0
0
0
0
0
0
0
0
0
0
0
-2151
-10555
-12490
-17658
-14986
-26490
-20284
-12689
2121
0
0
0
0
0
0
0
0
0
0
0
0
0
0
0
0
0
0
0
-4821
-10068
-13400
-15426
-17692
-24601
-17053
-8313
786
0
0
0
0
0
0
0
0
0
0
0
0
0
0
0
0
0
0
-240
-7189
-10042
-14414
-11643
-20979
-21583
-13601
-648
-72
0
0
0
0
0
0
0
0
0
0
0
0
0
0
0
0
0
0
-2082
-9843
-11727
-16670
-15645
-26915
-21308
-13075
1696
0
0
0
0
0
0
0
0
0
0
0
0
0
0
0
0
0
0
0
-3909
-10387
-13571
-15856
-20450
-28249
-20096
-10691
418
0
0
0
0
0
0
0
0
0
0
0
0
0
0
0
0
0
0
-112
-6341
-10457
-14150
-13244
-22636
-23346
-15449
-3276
-42
0
0
0
0
0
0
0
0
0
0
0
0
0
0
0
0
0
0
-1170
-9045
-11522
-15722
-14548
-26796
-20128
-11625
1469
0
0
0
0
0
0
0
0
0
0
0
0
0
0
0
0
0
0
0
-3401
-11232
-12949
-14254
-16572
-25390
-17201
-7583
913
0
0
0
0
0
0
0
0
0
0
0
0
0
0
0
0
0
0
0
-4692
-7503
-10444
-8032
-16253
-21508
-13525
-660
-78
0
0
0
0
0
0
0
0
0
0
0
0
0
0
0
0
0
0
-16
-5039
-4992
-8674
-7695
-21140
-21915
-12738
1681
0
0
0
0
0
0
0
0
0
0
0
0
0
0
0
0
0
0
0
-126
-4258
-5015
-7551
-12283
-27568
-24922
-14551
123
0
0
0
0
0
0
0
0
0
0
0
0
0
0
0
0
0
0
0
-123
-788
329
84
-7034
-21364
-23873
-13131
58
0
0
0
0
0
0
0
0
0
0
0
0
0
0
0
0
0
0
0
32
7958
12643
14628
10639
1131
-11389
-7577
-6
0
0
0
0
0
0
0
0
0
0
0
0
0
0
0
0
0
0
0
212
11699
21147
26570
21530
16451
5611
-7
0
0
0
0
0
0
0
0
0
0
0
0
0
0
0
0
0
0
0
0
90
7573
18231
21490
15935
11615
7033
2092
0
0
0
0
0
0
0
0
0
0
0
0
0
0
0
0
0
0
0
0
0
1170
7631
8865
5247
2802
508
-159
0
0
0
0
0
0
0
0
0
0
0
0
0
0
0
0
0
0
0
0
0
0
0
0
0
0
0
0
0
0
0
0
0
0
0
0
0
0
0
0
0
0
0
0
0
0
0
0
0
0
0
0
0
0
0
0
0
0
0
0
0
0
0
0
0
0
0
0
0
0
0
0
0
0
0
0
0
0
0
0
0
0
0
0
0
0
0
0
0
0
0
0
0
0
0
0
0
0
0
0
0
0
0
0
0
0
0
0
0
0
0
0
0
0
0
0
0
0
0
0
0
0
0
0
0
0
0
0
0
0
0
0
0
0
0
0
0
0
3458
13685
12239
7647
15724
16039
4705
87
0
0
0
0
0
0
0
0
0
0
0
0
0
0
0
0
0
0
0
819
12611
23939
24786
30914
39603
31499
12849
373
0
0
0
0
0
0
0
0
0
0
0
0
0
0
0
0
0
0
0
4072
21512
33433
38394
44222
43441
21244
5187
-4
0
0
0
0
0
0
0
0
0
0
0
0
0
0
0
0
0
0
273
11828
31839
44214
56156
47010
22811
-7224
-14837
-543
0
0
0
0
0
0
0
0
0
0
0
0
0
0
0
0
0
0
2510
20679
36044
46288
51103
27295
-12758
-34224
-28257
-587
0
0
0
0
0
0
0
0
0
0
0
0
0
0
0
0
0
0
7528
28710
35750
50434
35080
4817
-33557
-44874
-24547
-316
0
0
0
0
0
0
0
0
0
0
0
0
0
0
0
0
0
0
13849
33088
40310
46077
23324
-13474
-41080
-44138
-11050
0
0
0
0
0
0
0
0
0
0
0
0
0
0
0
0
0
0
2639
22913
33770
44986
38997
11640
-28219
-45603
-37872
-2844
0
0
0
0
0
0
0
0
0
0
0
0
0
0
0
0
0
0
6397
27971
35701
44641
28572
-1088
-37852
-46675
-23801
0
0
0
0
0
0
0
0
0
0
0
0
0
0
0
0
0
0
0
11780
30351
38468
38239
17654
-18050
-45137
-44539
-10158
0
0
0
0
0
0
0
0
0
0
0
0
0
0
0
0
0
0
2730
21636
34013
43092
35294
12382
-29889
-45480
-33432
-1896
0
0
0
0
0
0
0
0
0
0
0
0
0
0
0
0
0
0
4989
25294
34856
42896
26966
440
-36842
-43346
-19160
0
0
0
0
0
0
0
0
0
0
0
0
0
0
0
0
0
0
0
11073
30326
37066
38893
20504
-14197
-40360
-39161
-6992
0
0
0
0
0
0
0
0
0
0
0
0
0
0
0
0
0
0
1274
19807
34713
40812
36341
15912
-27174
-43173
-32102
-1106
0
0
0
0
0
0
0
0
0
0
0
0
0
0
0
0
0
0
4585
24819
33294
40482
28772
2801
-37645
-44605
-21252
0
0
0
0
0
0
0
0
0
0
0
0
0
0
0
0
0
0
0
7650
29458
36692
35541
20094
-13846
-44327
-41880
-9385
0
0
0
0
0
0
0
0
0
0
0
0
0
0
0
0
0
0
0
13638
31844
37505
27720
12326
-29124
-45516
-31386
-2054
0
0
0
0
0
0
0
0
0
0
0
0
0
0
0
0
0
0
182
18038
31232
35916
21093
3124
-34538
-40101
-17540
0
0
0
0
0
0
0
0
0
0
0
0
0
0
0
0
0
0
0
187
17285
29943
32157
14822
-8234
-32130
-32447
-6613
0
0
0
0
0
0
0
0
0
0
0
0
0
0
0
0
0
0
0
170
12072
23415
22838
3290
-25776
-34120
-26780
-1044
0
0
0
0
0
0
0
0
0
0
0
0
0
0
0
0
0
0
0
147
4924
13085
3803
-14634
-44226
-47393
-27677
-158
0
0
0
0
0
0
0
0
0
0
0
0
0
0
0
0
0
0
0
-75
-2003
3951
-5455
-22467
-46540
-47794
-23414
0
0
0
0
0
0
0
0
0
0
0
0
0
0
0
0
0
0
0
0
-59
-4123
-5313
-8833
-19405
-31318
-30027
-13051
0
0
0
0
0
0
0
0
0
0
0
0
0
0
0
0
0
0
0
0
0
-767
-4875
-5896
-9056
-12580
-10879
-4187
0
0
0
0
0
0
0
0
0
0
0
0
0
0
0
0
0
0
0
0
0
0
0
0
0
0
0
0
0
0
0
0
0
0
0
0
0
0
0
0
0
0
0
0
0
0
0
0
0
0
0
0
0
0
0
0
0
0
0
0
0
0
0
0
0
0
0
0
0
0
0
0
0
0
0
0
0
0
0
0
0
0
0
0
0
0
0
0
0
0
0
0
0
0
0
0
0
0
0
0
0
0
0
0
0
0
0
0
0
0
0
0
0
0
0
0
0
0
0
0
0
0
0
0
0
0
0
0
0
0
0
0
0
0
0
0
0
0
1672
10414
22869
23255
12193
2808
152
2
0
0
0
0
0
0
0
0
0
0
0
0
0
0
0
0
0
0
0
396
6039
21033
38087
44140
26523
5322
-649
-13
0
0
0
0
0
0
0
0
0
0
0
0
0
0
0
0
0
0
0
1742
6524
10787
26213
39040
32033
7493
-2906
-95
0
0
0
0
0
0
0
0
0
0
0
0
0
0
0
0
0
0
132
3800
2220
-1737
9352
26886
26658
13762
-1804
-27
0
0
0
0
0
0
0
0
0
0
0
0
0
0
0
0
0
0
1138
3576
-4685
-4704
957
22041
14897
3924
-1490
28
0
0
0
0
0
0
0
0
0
0
0
0
0
0
0
0
0
0
2581
-1248
-9311
-7022
9301
18504
10122
-3832
-4174
-160
0
0
0
0
0
0
0
0
0
0
0
0
0
0
0
0
0
0
1136
-9137
-10484
-8108
12961
15230
7068
-6656
-2668
0
0
0
0
0
0
0
0
0
0
0
0
0
0
0
0
0
0
1276
-754
-11076
-8907
-570
15636
10335
2607
-5277
-1440
0
0
0
0
0
0
0
0
0
0
0
0
0
0
0
0
0
0
2362
-5487
-12545
-9813
7302
15786
8020
-4262
-3734
0
0
0
0
0
0
0
0
0
0
0
0
0
0
0
0
0
0
0
409
-12028
-14218
-8981
12068
11761
5676
-6786
-3192
0
0
0
0
0
0
0
0
0
0
0
0
0
0
0
0
0
0
1320
401
-10077
-10067
644
18108
10272
417
-4526
-960
0
0
0
0
0
0
0
0
0
0
0
0
0
0
0
0
0
0
1656
-4566
-12484
-9152
10943
18786
8690
-5549
-3752
0
0
0
0
0
0
0
0
0
0
0
0
0
0
0
0
0
0
0
336
-10011
-13731
-7064
16145
15510
6082
-6829
-2402
0
0
0
0
0
0
0
0
0
0
0
0
0
0
0
0
0
0
616
-55
-9953
-10292
-1600
17890
11861
1402
-4588
-560
0
0
0
0
0
0
0
0
0
0
0
0
0
0
0
0
0
0
1864
-2552
-12176
-9394
6890
15575
7667
-3956
-3417
0
0
0
0
0
0
0
0
0
0
0
0
0
0
0
0
0
0
0
732
-11774
-16259
-9814
13137
12642
4226
-6340
-2638
0
0
0
0
0
0
0
0
0
0
0
0
0
0
0
0
0
0
0
-2247
-16442
-16615
-2873
18729
10793
-26
-4494
-1040
0
0
0
0
0
0
0
0
0
0
0
0
0
0
0
0
0
0
88
-5652
-17696
-14546
10839
23238
9453
-5287
-3247
0
0
0
0
0
0
0
0
0
0
0
0
0
0
0
0
0
0
0
40
-12424
-25574
-15215
19588
24114
8478
-7074
-2452
0
0
0
0
0
0
0
0
0
0
0
0
0
0
0
0
0
0
0
-212
-21387
-39925
-30281
13201
21530
6264
-5752
-366
0
0
0
0
0
0
0
0
0
0
0
0
0
0
0
0
0
0
0
-313
-22023
-45482
-45445
-6808
10285
2880
-4453
-80
0
0
0
0
0
0
0
0
0
0
0
0
0
0
0
0
0
0
0
-164
-12857
-34109
-36695
-14545
2354
1035
-3143
0
0
0
0
0
0
0
0
0
0
0
0
0
0
0
0
0
0
0
0
-30
-3764
-15786
-16922
-9211
-4433
-3580
-2299
0
0
0
0
0
0
0
0
0
0
0
0
0
0
0
0
0
0
0
0
0
-390
-2886
-4866
-2525
-2314
-4339
-2120
0
0
0
0
0
0
0
0
0
0
0
0
0
0
0
0
0
0
0
0
0
0
0
0
0
0
0
0
0
0
0
0
0
0
0
0
0
0
0
0
0
0
0
0
0
0
0
0
0
0
0
0
0
0
0
0
0
0
0
0
0
0
0
0
0
0
0
0
0
0
0
0
0
0
0
0
0
0
0
0
0
0
0
0
0
0
0
0
0
0
0
0
0
0
0
0
0
0
0
0
0
0
0
0
0
0
0
0
0
0
0
0
0
0
0
0
0
0
0
0
0
0
0
0
0
0
0
0
0
0
0
0
0
0
0
0
0
0
1482
8031
13912
11515
9238
4067
582
10
0
0
0
0
0
0
0
0
0
0
0
0
0
0
0
0
0
0
0
351
4414
12898
24522
35096
32548
18969
3606
78
0
0
0
0
0
0
0
0
0
0
0
0
0
0
0
0
0
0
0
1389
4838
10541
18045
36271
46897
40164
11144
246
0
0
0
0
0
0
0
0
0
0
0
0
0
0
0
0
0
0
117
3089
4457
-1822
-2105
10598
28552
35600
17255
408
0
0
0
0
0
0
0
0
0
0
0
0
0
0
0
0
0
0
957
3123
1666
-2933
-5362
-4711
10098
11739
11165
99
0
0
0
0
0
0
0
0
0
0
0
0
0
0
0
0
0
0
2008
2167
-568
-5359
-520
3068
9787
4841
2093
-116
0
0
0
0
0
0
0
0
0
0
0
0
0
0
0
0
0
0
1386
-380
-5377
-9844
-5719
7121
10684
7615
-1226
0
0
0
0
0
0
0
0
0
0
0
0
0
0
0
0
0
0
1131
1294
-1156
-7831
-8531
-6021
5440
5918
7601
-1044
0
0
0
0
0
0
0
0
0
0
0
0
0
0
0
0
0
0
1594
168
-2810
-10245
-7061
838
6697
2821
1511
0
0
0
0
0
0
0
0
0
0
0
0
0
0
0
0
0
0
0
1041
-1019
-6227
-12020
-7253
6045
8503
6525
-1842
0
0
0
0
0
0
0
0
0
0
0
0
0
0
0
0
0
0
1170
1827
-1258
-8850
-10448
-6443
5899
4313
5524
-696
0
0
0
0
0
0
0
0
0
0
0
0
0
0
0
0
0
0
951
421
-1154
-8106
-4511
1946
9890
4281
6
0
0
0
0
0
0
0
0
0
0
0
0
0
0
0
0
0
0
0
1308
-555
-5593
-10332
-3302
8687
12498
8587
-1466
0
0
0
0
0
0
0
0
0
0
0
0
0
0
0
0
0
0
546
1056
-1414
-9390
-11752
-7057
7284
7566
7515
-406
0
0
0
0
0
0
0
0
0
0
0
0
0
0
0
0
0
0
1411
1490
-382
-8086
-6044
-1312
6917
4014
1689
0
0
0
0
0
0
0
0
0
0
0
0
0
0
0
0
0
0
0
693
-2256
-6048
-12152
-5827
6774
8031
5629
-1401
0
0
0
0
0
0
0
0
0
0
0
0
0
0
0
0
0
0
0
-124
-4393
-11767
-14525
-7492
7372
5194
4911
-754
0
0
0
0
0
0
0
0
0
0
0
0
0
0
0
0
0
0
78
-1851
-4397
-12459
-9833
-1722
10723
4798
51
0
0
0
0
0
0
0
0
0
0
0
0
0
0
0
0
0
0
0
1
-4417
-8754
-15247
-6144
8007
17883
9573
-1377
0
0
0
0
0
0
0
0
0
0
0
0
0
0
0
0
0
0
0
-93
-9506
-21344
-28948
-18844
6973
18621
11883
-226
0
0
0
0
0
0
0
0
0
0
0
0
0
0
0
0
0
0
0
-171
-8294
-26194
-44691
-42297
-10137
10833
9596
-58
0
0
0
0
0
0
0
0
0
0
0
0
0
0
0
0
0
0
0
-17
-3233
-16306
-35643
-47051
-29772
-2391
4700
0
0
0
0
0
0
0
0
0
0
0
0
0
0
0
0
0
0
0
0
25
1113
-2699
-12680
-24629
-26022
-10862
-624
0
0
0
0
0
0
0
0
0
0
0
0
0
0
0
0
0
0
0
0
0
325
2067
1598
-2851
-6650
-5336
-1537
0
0
0
0
0
0
0
0
0
0
0
0
0
0
0
0
0
0
0
0
0
0
0
0
0
0
0
0
0
0
0
0
0
0
0
0
0
0
0
0
0
0
0
0
0
0
0
0
0
0
0
0
0
0
0
0
0
0
0
0
0
0
0
0
0
0
0
0
0
0
0
0
0
0
0
0
0
0
0
0
0
0
0
0
0
0
0
0
0
0
0
0
0
0
0
0
0
0
0
0
0
0
0
0
0
0
0
0
0
0
0
0
0
0
0
0
0
0
0
0
0
0
0
0
0
0
0
0
0
0
0
0
0
0
0
0
0
0
-380
-130
3888
5208
9214
12275
4229
79
0
0
0
0
0
0
0
0
0
0
0
0
0
0
0
0
0
0
0
-90
-2190
-5221
-8771
3019
19962
24771
13566
379
0
0
0
0
0
0
0
0
0
0
0
0
0
0
0
0
0
0
0
-715
-5505
-15818
-25851
-13063
28454
40062
19633
346
0
0
0
0
0
0
0
0
0
0
0
0
0
0
0
0
0
0
-30
-2500
-10846
-33954
-48246
-15577
42047
58167
24730
459
0
0
0
0
0
0
0
0
0
0
0
0
0
0
0
0
0
0
-365
-5569
-24011
-57203
-67834
-5292
62769
70068
22254
354
0
0
0
0
0
0
0
0
0
0
0
0
0
0
0
0
0
0
-1640
-10684
-39180
-74099
-58175
18251
70882
67741
13492
88
0
0
0
0
0
0
0
0
0
0
0
0
0
0
0
0
0
0
-4013
-20336
-54531
-79351
-32576
40427
77778
47061
4792
0
0
0
0
0
0
0
0
0
0
0
0
0
0
0
0
0
0
-290
-6770
-31238
-69309
-71299
-456
57889
77391
27713
792
0
0
0
0
0
0
0
0
0
0
0
0
0
0
0
0
0
0
-1565
-13345
-44029
-78672
-55015
23015
70814
65136
12476
0
0
0
0
0
0
0
0
0
0
0
0
0
0
0
0
0
0
0
-3315
-20930
-56835
-80452
-28944
42677
76254
43536
3972
0
0
0
0
0
0
0
0
0
0
0
0
0
0
0
0
0
0
-300
-5919
-28899
-66947
-70865
1174
62331
74061
22656
528
0
0
0
0
0
0
0
0
0
0
0
0
0
0
0
0
0
0
-1440
-13002
-42219
-76307
-55234
25139
74369
60861
9390
0
0
0
0
0
0
0
0
0
0
0
0
0
0
0
0
0
0
0
-2775
-18171
-53349
-78612
-31177
45330
78119
39946
2614
0
0
0
0
0
0
0
0
0
0
0
0
0
0
0
0
0
0
-140
-6135
-27276
-64123
-72368
-2653
61946
73725
22485
308
0
0
0
0
0
0
0
0
0
0
0
0
0
0
0
0
0
0
-920
-10754
-40035
-74682
-57926
22581
71759
60683
11277
0
0
0
0
0
0
0
0
0
0
0
0
0
0
0
0
0
0
0
-2305
-17489
-50621
-79390
-37090
43422
74914
40091
3852
0
0
0
0
0
0
0
0
0
0
0
0
0
0
0
0
0
0
0
-4334
-25074
-63032
-76184
-6309
62982
70960
21533
572
0
0
0
0
0
0
0
0
0
0
0
0
0
0
0
0
0
0
-20
-8155
-34408
-72356
-64967
19225
75927
59783
8771
0
0
0
0
0
0
0
0
0
0
0
0
0
0
0
0
0
0
0
-80
-11311
-43074
-78286
-51516
35672
80944
44088
2448
0
0
0
0
0
0
0
0
0
0
0
0
0
0
0
0
0
0
0
-75
-12581
-48242
-82998
-42921
40762
75911
30971
386
0
0
0
0
0
0
0
0
0
0
0
0
0
0
0
0
0
0
0
-132
-12354
-44492
-76830
-35580
35057
60739
21491
44
0
0
0
0
0
0
0
0
0
0
0
0
0
0
0
0
0
0
0
-152
-10029
-34439
-54632
-24640
27865
45597
13778
0
0
0
0
0
0
0
0
0
0
0
0
0
0
0
0
0
0
0
0
-48
-4624
-19990
-32535
-15440
18755
25311
6159
0
0
0
0
0
0
0
0
0
0
0
0
0
0
0
0
0
0
0
0
0
-624
-5096
-11293
-7683
7595
8447
1166
0
0
0
0
0
0
0
0
0
0
0
0
0
0
0
0
0
0
0
0
0
0
0
0
0
0
0
0
0
0
0
0
0
0
0
0
0
0
0
0
0
0
0
0
0
0
0
0
0
0
0
0
0
0
0
0
0
0
0
0
0
0
0
0
0
0
0
0
0
0
0
0
0
0
0
0
0
0
0
0
0
0
0
0
0
0
0
0
0
0
0
0
0
0
0
0
0
0
0
0
0
0
0
0
0
0
0
0
0
0
0
0
0
0
0
0
0
0
0
0
0
0
0
0
0
0
0
0
0
0
0
0
0
0
0
0
0
0
-1634
-7893
-14055
-17261
-10917
-3391
-467
-8
0
0
0
0
0
0
0
0
0
0
0
0
0
0
0
0
0
0
0
-387
-9691
-29453
-37374
-32474
-23997
-7769
-901
-26
0
0
0
0
0
0
0
0
0
0
0
0
0
0
0
0
0
0
0
-2728
-19933
-32640
-44581
-30040
-15012
-8765
-1352
-2
0
0
0
0
0
0
0
0
0
0
0
0
0
0
0
0
0
0
-129
-8745
-19882
-20156
-19263
-8764
5659
7257
-877
-67
0
0
0
0
0
0
0
0
0
0
0
0
0
0
0
0
0
0
-1454
-16226
-12706
-6862
9708
11736
12094
12291
2824
143
0
0
0
0
0
0
0
0
0
0
0
0
0
0
0
0
0
0
-5703
-16290
-7499
98
20732
15199
12842
5538
1343
-20
0
0
0
0
0
0
0
0
0
0
0
0
0
0
0
0
0
0
-10557
-8729
-3338
10491
21563
17249
12374
1726
922
0
0
0
0
0
0
0
0
0
0
0
0
0
0
0
0
0
0
-1247
-12753
-4555
-289
21758
18143
16257
11224
714
-180
0
0
0
0
0
0
0
0
0
0
0
0
0
0
0
0
0
0
-5613
-11056
-2686
4298
25159
18202
13631
5886
2081
0
0
0
0
0
0
0
0
0
0
0
0
0
0
0
0
0
0
0
-8773
-5622
-18
14756
21346
18048
12668
485
438
0
0
0
0
0
0
0
0
0
0
0
0
0
0
0
0
0
0
-1290
-11077
-4142
637
22022
17995
15283
9754
1394
-120
0
0
0
0
0
0
0
0
0
0
0
0
0
0
0
0
0
0
-5037
-11770
-2016
4168
19147
14984
11652
3640
1488
0
0
0
0
0
0
0
0
0
0
0
0
0
0
0
0
0
0
0
-6951
-8008
-1398
11673
15334
13668
10139
332
188
0
0
0
0
0
0
0
0
0
0
0
0
0
0
0
0
0
0
-602
-10406
-4130
192
19230
17526
14662
9266
1246
-70
0
0
0
0
0
0
0
0
0
0
0
0
0
0
0
0
0
0
-3417
-13278
-3128
4945
19881
16280
13056
5362
1618
0
0
0
0
0
0
0
0
0
0
0
0
0
0
0
0
0
0
0
-6632
-7720
52
13736
20524
16938
11710
1222
577
0
0
0
0
0
0
0
0
0
0
0
0
0
0
0
0
0
0
0
-6497
-106
5090
21614
18240
15093
8908
864
-130
0
0
0
0
0
0
0
0
0
0
0
0
0
0
0
0
0
0
-86
-6302
3443
8134
17134
12629
10454
3538
1632
0
0
0
0
0
0
0
0
0
0
0
0
0
0
0
0
0
0
0
-267
-2827
6965
11734
9573
7154
6401
-32
-7
0
0
0
0
0
0
0
0
0
0
0
0
0
0
0
0
0
0
0
-52
8722
17774
24731
16968
9053
5809
565
24
0
0
0
0
0
0
0
0
0
0
0
0
0
0
0
0
0
0
0
284
21014
33249
38926
30252
19029
8321
1294
-10
0
0
0
0
0
0
0
0
0
0
0
0
0
0
0
0
0
0
0
279
18578
39419
41772
26039
19518
8148
1092
0
0
0
0
0
0
0
0
0
0
0
0
0
0
0
0
0
0
0
0
76
7707
24610
27154
12739
6840
4303
1561
0
0
0
0
0
0
0
0
0
0
0
0
0
0
0
0
0
0
0
0
0
988
6604
8357
4004
-1292
-1980
-265
0
0
0
0
0
0
0
0
0
0
0
0
0
0
0
0
0
0
0
0
0
0
0
0
0
0
0
0
0
0
0
0
0
0
0
0
0
0
0
0
