0
0
0
0
0
0
0
0
0
0
0
0
0
0
0
0
0
0
0
0
0
0
0
0
0
0
0
0
0
0
0
0
0
0
0
0
0
0
0
0
0
0
0
0
0
0
0
0
0
0
0
0
0
0
0
0
0
0
0
0
0
0
0
0
0
0
0
0
0
0
0
0
0
0
0
0
0
0
0
0
0
0
0
0
0
0
0
0
0
0
0
0
-900
-5507
-7283
-2324
3261
560
0
0
0
-1260
-2569
-1771
602
567
70
0
0
0
0
0
0
0
0
0
0
0
0
0
-4060
-17117
-10699
8588
10748
-1665
0
0
0
-5324
-9749
-4882
3255
2988
140
0
0
0
0
0
0
0
0
0
0
0
0
-72
-9545
-25312
1740
26670
9699
-8557
0
0
0
-9277
-14089
108
11559
5324
-1869
25
0
0
0
0
0
0
0
0
0
0
0
-1376
-16463
-19034
22815
29930
-2812
-17268
0
0
0
-8615
-13347
6282
17538
2856
-7005
-50
0
0
0
0
0
0
0
0
0
0
-792
-8240
-25045
-4403
37812
19550
-16911
-16947
0
0
0
-7356
-14500
6779
18797
-413
-13520
-455
0
0
0
0
0
0
0
0
0
0
-4696
-20970
-21518
27307
45137
-1410
-26306
-12832
0
0
-324
-12618
-19404
10717
21784
-2289
-16685
-1130
0
0
0
0
0
0
0
0
0
-1512
-14428
-28323
5551
52232
22469
-26330
-23890
-5439
0
0
-3204
-21186
-15487
26183
24869
-8827
-19089
-1545
0
0
0
0
0
0
0
0
0
-6216
-24136
-15310
38271
42415
-12178
-32331
-12068
-511
0
-576
-10935
-26112
289
40297
19209
-18997
-19533
-1400
0
0
0
0
0
0
0
0
-252
-13139
-24606
9243
47610
14596
-28922
-21837
-2212
-6
0
-3628
-21450
-20948
25044
43866
2152
-27870
-16720
-872
0
0
0
0
0
0
0
0
-928
-17190
-15482
28995
39596
-9485
-29986
-11906
-26
0
0
-8996
-24351
-4121
41232
29924
-19154
-28498
-9513
-158
0
0
0
0
0
0
0
0
-1365
-16040
-4199
32531
20091
-23888
-24276
-3982
0
0
-396
-14726
-20634
11111
40542
9649
-27575
-22069
-2596
-2
0
0
0
0
0
0
0
0
-678
-11215
1171
17428
-2221
-26950
-19223
-3686
-4530
-6476
-9508
-22575
-13981
22045
32815
-5535
-25318
-14743
-33
0
0
0
0
0
0
0
0
0
269
-5264
569
1939
-10950
-25595
-21333
-12503
-12106
-13662
-14476
-16852
2888
31632
25970
-10537
-22933
-10520
0
0
0
0
0
0
0
0
0
0
330
-210
4641
2625
-3268
-11788
-12028
-2977
2238
5690
6055
5536
15034
27179
15482
-15614
-23996
-7318
0
0
0
0
0
0
0
0
0
0
72
3476
9731
7514
3833
1048
3080
7339
15430
19055
7999
-3929
-3956
11630
2663
-20879
-23099
-4109
0
0
0
0
0
0
0
0
0
0
0
2172
6321
6228
3032
2982
2778
203
1242
-2501
-20293
-30527
-18590
8152
-901
-18871
-19334
-789
0
0
0
0
0
0
0
0
0
0
0
360
1370
1048
-973
-3722
-6673
-9668
-12570
-16540
-23427
-23633
-7815
17814
5753
-14594
-18992
-1346
0
0
0
0
0
0
0
0
0
0
0
0
0
432
564
-1092
-2946
-3510
-4284
-3948
-8503
-11118
-1223
22432
7769
-17380
-20344
-1628
0
0
0
0
0
0
0
0
0
0
0
0
0
0
0
0
0
0
0
0
-9487
-13664
1876
28511
6939
-20826
-19961
-22
0
0
0
0
0
0
0
0
0
0
0
0
0
0
0
0
0
0
0
0
-12474
-10044
19285
37948
-1084
-25896
-17992
0
0
0
0
0
0
0
0
0
0
0
0
0
0
0
0
0
0
0
0
0
-9799
8067
38225
24343
-23673
-27901
-12509
0
0
0
0
0
0
0
0
0
0
0
0
0
0
0
0
0
0
0
0
0
139
21088
22994
-8382
-32607
-17776
-4192
0
0
0
0
0
0
0
0
0
0
0
0
0
0
0
0
0
0
0
0
0
5025
10829
-4628
-16803
-15654
-4210
-55
0
0
0
0
0
0
0
0
0
0
0
0
0
0
0
0
0
0
0
0
0
1602
-118
-5871
-4749
-1079
-33
0
0
0
0
0
0
0
0
0
0
0
0
0
0
0
0
0
0
0
0
0
0
0
0
0
0
0
0
0
0
0
0
0
0
0
0
0
0
0
0
0
0
0
0
0
0
0
0
0
0
0
0
0
0
0
0
0
0
0
0
0
0
0
0
0
0
0
0
0
0
0
0
0
0
0
0
0
0
0
0
0
0
0
0
0
0
0
0
0
0
0
0
0
0
0
0
0
0
0
0
0
0
0
0
0
0
0
0
0
0
0
0
0
0
0
0
0
0
0
0
0
0
0
0
0
0
0
0
1600
7093
-711
-2955
-7837
-9520
0
0
0
2240
791
-567
-1995
-3689
-1190
0
0
0
0
0
0
0
0
0
0
0
0
0
5690
16743
3492
-11303
-23772
-23999
0
0
0
7326
7975
-2013
-8590
-16223
-8918
0
0
0
0
0
0
0
0
0
0
0
0
128
12717
29905
9683
-22344
-40646
-28188
0
0
0
11453
20528
543
-16737
-28344
-20324
-425
0
0
0
0
0
0
0
0
0
0
0
2324
22472
44154
18316
-33584
-54290
-26786
0
0
0
16492
36393
8933
-23405
-37063
-28163
-1485
0
0
0
0
0
0
0
0
0
0
1408
10168
31172
45496
18565
-34750
-46190
-16582
0
0
0
21391
52333
25940
-24395
-49217
-34075
-2290
0
0
0
0
0
0
0
0
0
0
7004
20476
35991
36427
-1315
-39410
-29883
-6720
0
0
576
25070
59854
39238
-19176
-56454
-36577
-2575
0
0
0
0
0
0
0
0
0
2688
15660
33749
34870
12841
-23111
-29940
-9702
-2780
0
0
5146
31337
61957
34396
-28898
-59571
-34186
-2055
0
0
0
0
0
0
0
0
0
8484
27860
44576
27903
-14359
-35660
-19964
-1591
-741
0
1024
13303
40834
59596
24575
-40376
-53597
-24091
-914
0
0
0
0
0
0
0
0
448
16849
42436
45910
14978
-31201
-34383
-9840
-1276
-54
0
5472
23883
49485
49480
7059
-44897
-43169
-11695
-388
0
0
0
0
0
0
0
0
1222
27428
53416
43233
590
-42125
-32235
-4050
-234
0
0
11662
37860
56188
33368
-15572
-42308
-29626
-4052
-136
0
0
0
0
0
0
0
0
1651
34279
64094
39297
-9005
-42655
-26125
-2929
0
0
704
21248
50045
59196
19114
-35225
-42691
-19841
-1507
-18
0
0
0
0
0
0
0
0
1839
36296
70959
43850
-13152
-44042
-32032
-10245
-2372
-1286
104
22772
51150
46078
-1068
-48661
-44947
-15981
-297
0
0
0
0
0
0
0
0
0
1399
30817
70683
56557
2206
-34494
-35768
-23879
-15686
-13266
-10390
9208
36018
20539
-22357
-53987
-43660
-11727
0
0
0
0
0
0
0
0
0
0
481
20535
59984
64565
23666
-11347
-19608
-19049
-20544
-17748
-8036
12218
37186
11300
-35153
-55569
-38460
-4276
0
0
0
0
0
0
0
0
0
0
44
10722
41189
63275
47623
17654
4917
3340
352
1543
17816
39712
57213
22216
-36004
-57717
-37131
-3702
0
0
0
0
0
0
0
0
0
0
0
2724
19376
45449
57912
47296
33018
27239
22904
20562
42603
74267
81624
27281
-38732
-58052
-34571
-3363
0
0
0
0
0
0
0
0
0
0
0
220
2835
13817
30088
39717
39887
38082
33742
27825
47959
86466
96340
34296
-41902
-63470
-36438
-784
0
0
0
0
0
0
0
0
0
0
0
0
0
264
2742
7140
10332
10998
10374
6384
22492
63360
86413
34111
-40837
-62944
-36052
-506
0
0
0
0
0
0
0
0
0
0
0
0
0
0
0
0
0
0
0
0
24064
61706
79093
28825
-44283
-56017
-27407
-198
0
0
0
0
0
0
0
0
0
0
0
0
0
0
0
0
0
0
0
0
26215
58551
68593
23580
-41818
-41381
-15165
0
0
0
0
0
0
0
0
0
0
0
0
0
0
0
0
0
0
0
0
0
22937
52672
54234
22028
-18435
-17640
-5810
0
0
0
0
0
0
0
0
0
0
0
0
0
0
0
0
0
0
0
0
0
18564
41918
39010
20480
3761
-2402
-2363
0
0
0
0
0
0
0
0
0
0
0
0
0
0
0
0
0
0
0
0
0
9286
25790
28612
18574
6805
874
-495
0
0
0
0
0
0
0
0
0
0
0
0
0
0
0
0
0
0
0
0
0
979
8818
13103
8057
816
-297
0
0
0
0
0
0
0
0
0
0
0
0
0
0
0
0
0
0
0
0
0
0
0
0
0
0
0
0
0
0
0
0
0
0
0
0
0
0
0
0
0
0
0
0
0
0
0
0
0
0
0
0
0
0
0
0
0
0
0
0
0
0
0
0
0
0
0
0
0
0
0
0
0
0
0
0
0
0
0
0
0
0
0
0
0
0
0
0
0
0
0
0
0
0
0
0
0
0
0
0
0
0
0
0
0
0
0
0
0
0
0
0
0
0
0
0
0
0
0
0
0
0
0
0
0
0
0
0
-200
-1371
-3278
-6252
-5578
-2912
0
0
0
-280
-777
-1876
-2184
-1526
-364
0
0
0
0
0
0
0
0
0
0
0
0
0
-1955
-10693
-15767
-18095
-20211
-17214
0
0
0
-2657
-5739
-8584
-11355
-11367
-3962
0
0
0
0
0
0
0
0
0
0
0
0
-16
-5154
-18659
-23301
-25618
-28542
-24427
0
0
0
-5870
-13955
-17214
-20415
-25583
-14472
-130
0
0
0
0
0
0
0
0
0
0
0
-390
-8659
-19677
-22575
-22670
-26900
-18434
0
0
0
-4536
-14611
-18242
-20459
-26755
-22024
-895
0
0
0
0
0
0
0
0
0
0
-176
-3432
-13286
-13469
-18729
-19063
-22029
-10956
0
0
0
-149
-10572
-16038
-18583
-24347
-23449
-1835
0
0
0
0
0
0
0
0
0
0
-1970
-12348
-20103
-13823
-17593
-18688
-11398
-134
0
0
-72
-479
-7926
-17064
-21695
-29857
-23796
-1920
0
0
0
0
0
0
0
0
0
-336
-7426
-22146
-19056
-10675
-16754
-12364
531
2237
0
0
-1091
-7488
-12768
-20686
-23714
-32054
-21411
-1507
0
0
0
0
0
0
0
0
0
-3150
-15129
-23704
-14069
-12880
-16807
-7279
4050
63
0
-128
-5650
-13113
-14276
-21439
-24487
-25332
-14922
-454
0
0
0
0
0
0
0
0
-56
-7329
-17866
-14806
-10652
-18697
-15568
-4964
904
-18
0
-1480
-12373
-16758
-13860
-19115
-23969
-15640
-4099
288
0
0
0
0
0
0
0
0
-501
-9736
-13278
-7044
-10454
-20128
-13028
1382
-78
0
0
-5137
-16495
-16090
-11388
-19068
-20599
-11015
1993
58
0
0
0
0
0
0
0
0
-905
-6494
-5001
-660
-9712
-21179
-11687
1783
0
0
-88
-7805
-13019
-13194
-11680
-22423
-19811
-10038
1198
-6
0
0
0
0
0
0
0
0
-364
146
1473
-3047
-12720
-30185
-23837
-8790
-6182
-6744
-8867
-17960
-19405
-15982
-18910
-28395
-21350
-8465
-99
0
0
0
0
0
0
0
0
0
854
6442
4379
-9960
-21599
-44503
-54009
-43762
-37296
-39942
-43778
-44937
-42418
-35541
-32924
-30709
-21481
-6731
0
0
0
0
0
0
0
0
0
0
1118
11425
8980
-5095
-17065
-38114
-59691
-68381
-66054
-65469
-64946
-54977
-47108
-39990
-35845
-27524
-18676
-1658
0
0
0
0
0
0
0
0
0
0
360
11416
18750
14251
8633
1169
-10827
-21953
-23462
-18276
-17323
-9927
-7902
-14025
-27434
-28441
-19202
1357
0
0
0
0
0
0
0
0
0
0
0
8200
18868
25395
26479
28787
30878
30361
32614
35772
32480
23145
11587
-3663
-24961
-31343
-22886
-2777
0
0
0
0
0
0
0
0
0
0
0
1800
8590
16403
22535
26768
29419
31392
29928
27562
22249
11272
-448
-14683
-27288
-32038
-21962
-1354
0
0
0
0
0
0
0
0
0
0
0
0
0
2160
4908
6546
7476
7656
3822
1848
3377
1393
-4146
-14855
-26491
-30476
-20506
968
0
0
0
0
0
0
0
0
0
0
0
0
0
0
0
0
0
0
0
0
821
-405
-6248
-14316
-24315
-27322
-19136
-66
0
0
0
0
0
0
0
0
0
0
0
0
0
0
0
0
0
0
0
0
-1924
-2797
-1745
-8711
-19381
-16131
-9261
0
0
0
0
0
0
0
0
0
0
0
0
0
0
0
0
0
0
0
0
0
-1149
5614
16432
10872
-2088
1579
1635
0
0
0
0
0
0
0
0
0
0
0
0
0
0
0
0
0
0
0
0
0
6894
20150
29297
23842
14056
7479
2054
0
0
0
0
0
0
0
0
0
0
0
0
0
0
0
0
0
0
0
0
0
13288
20955
20193
14559
8817
1868
-165
0
0
0
0
0
0
0
0
0
0
0
0
0
0
0
0
0
0
0
0
0
8010
7153
4488
2335
195
-99
0
0
0
0
0
0
0
0
0
0
0
0
0
0
0
0
0
0
0
0
0
0
0
0
0
0
0
0
0
0
0
0
0
0
0
0
0
0
0
0
0
0
0
0
0
0
0
0
0
0
0
0
0
0
0
0
0
0
0
0
0
0
0
0
0
0
0
0
0
0
0
0
0
0
0
0
0
0
0
0
0
0
0
0
0
0
0
0
0
0
0
0
0
0
0
0
0
0
0
0
0
0
0
0
0
0
0
0
0
0
0
0
0
0
0
0
0
0
0
0
0
0
0
0
0
0
0
0
2275
11592
6472
3246
12703
9744
0
0
0
3185
3234
1064
3402
4361
1218
0
0
0
0
0
0
0
0
0
0
0
0
0
6660
19126
8034
15531
27743
12805
0
0
0
8414
12355
7284
11905
16595
7658
0
0
0
0
0
0
0
0
0
0
0
0
182
13344
28360
12596
26368
28862
1232
0
0
0
10055
17292
12068
18082
20528
10249
435
0
0
0
0
0
0
0
0
0
0
0
3190
22755
32361
21233
32016
14693
-17480
0
0
0
13510
27634
14588
17911
15339
4508
995
0
0
0
0
0
0
0
0
0
0
2002
13724
29602
23016
28766
23627
-17038
-33216
0
0
0
15517
34959
14433
17008
11185
-6682
600
0
0
0
0
0
0
0
0
0
0
8700
23655
24811
27055
38105
2298
-41684
-30508
0
0
819
17844
32840
15288
17060
6700
-17373
-555
0
0
0
0
0
0
0
0
0
3822
18737
31103
26308
35475
24938
-29113
-48270
-18218
0
0
6802
26930
31824
25000
24412
-2384
-25960
-2281
0
0
0
0
0
0
0
0
0
9660
27922
32127
29802
34987
-5405
-46565
-32673
-6055
0
1456
15361
32448
31020
31668
21275
-23070
-35151
-3050
0
0
0
0
0
0
0
0
637
17178
33747
26331
27012
17356
-33563
-46128
-12368
-474
0
6865
25395
32376
33558
34419
3688
-41078
-36369
-2268
0
0
0
0
0
0
0
0
1337
24367
31429
21024
25293
-6207
-44230
-30878
-2054
0
0
11836
31748
34074
31950
25509
-19870
-46765
-26326
-1044
0
0
0
0
0
0
0
0
1319
23564
29646
15199
10803
-24155
-39034
-14243
0
0
1001
20889
34391
33736
27064
10124
-33614
-40451
-11795
-158
0
0
0
0
0
0
0
0
1164
20503
28882
18554
6677
-17851
-8932
15109
16114
18984
22061
40300
48678
46774
31614
-5121
-34303
-28843
-2607
0
0
0
0
0
0
0
0
0
304
11265
20759
18392
9538
-157
24432
52011
52016
52163
55550
66617
71146
53204
26768
-15186
-33636
-22675
0
0
0
0
0
0
0
0
0
0
-477
2981
13089
8688
-1538
-11339
6469
33767
39544
38514
47673
54230
53091
28089
8412
-22373
-35225
-18700
0
0
0
0
0
0
0
0
0
0
-236
-1270
5893
6785
-5406
-19862
-17179
-3742
2562
4259
12123
12781
15529
-3711
-11298
-24754
-30589
-9420
0
0
0
0
0
0
0
0
0
0
0
-4096
-4663
-5645
-11778
-24175
-30068
-30389
-32556
-35025
-25324
-13817
-2888
-16258
-20804
-23051
-27711
-4145
0
0
0
0
0
0
0
0
0
0
0
-1180
-5435
-9691
-16309
-26545
-36935
-44270
-48088
-49667
-32648
-7509
8967
-1120
-14434
-19278
-25436
-2604
0
0
0
0
0
0
0
0
0
0
0
0
0
-1416
-2982
-5448
-9150
-12648
-11592
-10710
3958
25225
32179
12809
-7723
-20362
-26528
-2794
0
0
0
0
0
0
0
0
0
0
0
0
0
0
0
0
0
0
0
0
16650
30937
27497
13226
-4990
-29336
-33183
-1738
0
0
0
0
0
0
0
0
0
0
0
0
0
0
0
0
0
0
0
0
16687
21138
16982
12713
-19260
-46796
-37269
0
0
0
0
0
0
0
0
0
0
0
0
0
0
0
0
0
0
0
0
0
10512
9400
7768
-4961
-50013
-55779
-31168
0
0
0
0
0
0
0
0
0
0
0
0
0
0
0
0
0
0
0
0
0
6464
4329
-6556
-24778
-58740
-42310
-16623
0
0
0
0
0
0
0
0
0
0
0
0
0
0
0
0
0
0
0
0
0
-3017
-4063
-15698
-27224
-37602
-18408
-4345
0
0
0
0
0
0
0
0
0
0
0
0
0
0
0
0
0
0
0
0
0
-5251
-3816
-8436
-10792
-9968
-2607
0
0
0
0
0
0
0
0
0
0
0
0
0
0
0
0
0
0
0
0
0
0
0
0
0
0
0
0
0
0
0
0
0
0
0
0
0
0
0
0
0
0
0
0
0
0
0
0
0
0
0
0
0
0
0
0
0
0
0
0
0
0
0
0
0
0
0
0
0
0
0
0
0
0
0
0
0
0
0
0
0
0
0
0
0
0
0
0
0
0
0
0
0
0
0
0
0
0
0
0
0
0
0
0
0
0
0
0
0
0
0
0
0
0
0
0
0
0
0
0
0
0
0
0
0
0
0
0
1100
8103
17124
14142
5202
224
0
0
0
1540
5061
5838
3234
714
28
0
0
0
0
0
0
0
0
0
0
0
0
0
2590
12656
23736
22462
7797
-2122
0
0
0
3186
13346
21149
14772
3641
-126
0
0
0
0
0
0
0
0
0
0
0
0
88
1777
3901
19998
26795
15451
-3417
0
0
0
-1711
6590
22232
23849
6815
-1478
10
0
0
0
0
0
0
0
0
0
0
0
1492
784
-6511
14879
23898
17048
-1642
0
0
0
-8998
-5301
17115
31447
15744
-2049
-85
0
0
0
0
0
0
0
0
0
0
968
7708
4959
-8219
5075
17254
9075
-5185
0
0
0
-9676
-11043
15302
30754
19902
-1581
-245
0
0
0
0
0
0
0
0
0
0
3652
12242
165
-11411
917
10084
2620
-3508
0
0
396
-6658
-13577
15313
30689
17668
-3685
-215
0
0
0
0
0
0
0
0
0
1848
8180
7363
-4797
-3091
5654
6307
-3115
-3527
0
0
3062
-3196
-12861
12590
29529
15549
-4525
-346
0
0
0
0
0
0
0
0
0
3612
5198
-3545
-2526
8410
9103
202
-4803
-2578
0
704
6051
-3425
-11834
6510
22564
10769
-5230
-382
0
0
0
0
0
0
0
0
308
1239
-4797
-8081
3903
11965
7135
-6393
-4016
-240
0
2916
5663
-5968
-9380
8624
14204
4114
-4323
-252
0
0
0
0
0
0
0
0
470
-6415
-15603
-8905
13594
12684
18
-4316
-1040
0
0
1882
-4642
-10000
-1780
17228
11746
-3228
-3959
-366
0
0
0
0
0
0
0
0
-581
-17540
-25734
624
25127
14078
-5585
-3281
0
0
484
-1926
-10720
-8788
12363
20516
8779
-6615
-3245
-80
0
0
0
0
0
0
0
0
-1891
-25136
-28026
14308
46617
30931
9891
11875
15038
18624
24100
13971
-2677
-1642
23808
22120
4961
-5894
-1320
0
0
0
0
0
0
0
0
0
-1774
-27570
-35831
1345
47481
51096
40160
43510
44330
43156
42390
20891
482
3905
23773
16107
-349
-4477
0
0
0
0
0
0
0
0
0
0
-746
-23878
-43600
-31030
571
17482
18463
15954
12242
3004
-3255
-10925
-6593
10176
24825
14048
-2441
-3086
0
0
0
0
0
0
0
0
0
0
-120
-14064
-34721
-43152
-34465
-26227
-19154
-17911
-20096
-22243
-25989
-24746
-9616
23834
33818
14863
-4567
-1219
0
0
0
0
0
0
0
0
0
0
0
-4600
-16988
-27620
-33805
-35824
-32718
-28442
-21502
-18746
-26244
-32953
-20816
22154
31500
14866
-7173
-2514
0
0
0
0
0
0
0
0
0
0
0
-600
-3390
-9726
-14740
-18655
-21716
-22196
-17382
-15168
-26499
-37457
-28706
14833
29893
13794
-5098
-402
0
0
0
0
0
0
0
0
0
0
0
0
0
-720
-2268
-3024
-3576
-4950
-4410
-2646
-15496
-29127
-20694
19690
32138
13038
-5850
374
0
0
0
0
0
0
0
0
0
0
0
0
0
0
0
0
0
0
0
0
-10191
-20784
-18788
14560
24516
10474
-7242
-880
0
0
0
0
0
0
0
0
0
0
0
0
0
0
0
0
0
0
0
0
-11823
-27897
-32129
-1942
10353
5896
-5395
0
0
0
0
0
0
0
0
0
0
0
0
0
0
0
0
0
0
0
0
0
-21216
-44296
-40699
-5354
3487
1029
-3571
0
0
0
0
0
0
0
0
0
0
0
0
0
0
0
0
0
0
0
0
0
-23419
-35035
-26163
-1324
812
-4113
-3945
0
0
0
0
0
0
0
0
0
0
0
0
0
0
0
0
0
0
0
0
0
-12736
-15582
-10573
-2553
-4587
-5424
-2200
0
0
0
0
0
0
0
0
0
0
0
0
0
0
0
0
0
0
0
0
0
-2670
-4728
-1386
-2047
-4319
-1320
0
0
0
0
0
0
0
0
0
0
0
0
0
0
0
0
0
0
0
0
0
0
0
0
0
0
0
0
0
0
0
0
0
0
0
0
0
0
0
0
0
0
0
0
0
0
0
0
0
0
0
0
0
0
0
0
0
0
0
0
0
0
0
0
0
0
0
0
0
0
0
0
0
0
0
0
0
0
0
0
0
0
0
0
0
0
0
0
0
0
0
0
0
0
0
0
0
0
0
0
0
0
0
0
0
0
0
0
0
0
0
0
0
0
0
0
0
0
0
0
0
0
0
0
0
0
0
0
975
6393
10097
5892
6074
1120
0
0
0
1365
3381
2569
2394
1078
140
0
0
0
0
0
0
0
0
0
0
0
0
0
1865
7767
15814
17741
20298
5406
0
0
0
2221
9774
12351
12164
8034
1372
0
0
0
0
0
0
0
0
0
0
0
0
78
1880
5915
11886
20436
31410
16048
0
0
0
-829
5397
14798
22418
22663
5818
50
0
0
0
0
0
0
0
0
0
0
0
1288
1974
-3621
-2909
9959
24240
19434
0
0
0
-3772
-3464
4003
16778
33427
14684
290
0
0
0
0
0
0
0
0
0
0
858
5664
5922
-2358
-5657
2416
13610
13848
0
0
0
-3198
-7726
-6887
3394
28235
20160
950
0
0
0
0
0
0
0
0
0
0
2858
8451
4446
-2252
-3182
-3467
4681
6871
0
0
351
383
-1959
-4364
3579
23260
20601
1580
0
0
0
0
0
0
0
0
0
1638
5711
7215
1643
363
1210
-2874
-316
-627
0
0
2559
2198
-3912
-5322
5221
23131
19163
1515
0
0
0
0
0
0
0
0
0
2478
5761
139
-2100
2831
4355
-109
-2210
-1751
0
624
4157
3827
-4853
-7251
809
18195
15422
1046
0
0
0
0
0
0
0
0
273
1785
1652
-4435
-1284
4854
6473
3466
-2648
-174
0
2309
5296
2344
-4233
-5388
-1094
7360
9058
218
0
0
0
0
0
0
0
0
296
-2091
-5627
-11091
-3770
5085
4101
3267
-754
0
0
1411
1081
-2730
-2766
-399
5719
2077
1686
-226
0
0
0
0
0
0
0
0
-312
-6992
-10908
-12650
-2753
11307
5866
-1259
0
0
429
658
-1311
-8354
-2402
4937
11634
5247
-1786
-58
0
0
0
0
0
0
0
0
-952
-10014
-15689
-11348
7736
29675
23160
8741
10224
12708
15444
10532
3138
-4822
-500
10099
14024
8167
-957
0
0
0
0
0
0
0
0
0
-710
-11531
-21571
-20554
6706
49779
55612
40226
36446
35739
36728
31569
19691
5117
769
15000
13725
6647
0
0
0
0
0
0
0
0
0
0
7
-7481
-25936
-41774
-30512
15395
45421
42694
35118
29529
26745
23661
19832
14236
6303
17136
12057
4423
0
0
0
0
0
0
0
0
0
0
100
-3782
-17969
-43540
-61069
-47212
-18291
-3781
-4590
-8327
-15266
-17676
-12231
3061
11416
19714
11545
755
0
0
0
0
0
0
0
0
0
0
0
760
-3829
-19435
-43664
-60936
-60002
-51773
-45526
-41271
-40571
-42822
-43562
-19150
8892
26597
17324
-573
0
0
0
0
0
0
0
0
0
0
0
500
2305
1547
-4979
-15398
-24127
-26374
-23350
-19181
-19726
-24571
-34210
-23447
3233
26368
19358
1952
0
0
0
0
0
0
0
0
0
0
0
0
0
600
1266
636
-1350
-3090
-4662
-5040
-6827
-11385
-20631
-16817
2966
24466
16140
704
0
0
0
0
0
0
0
0
0
0
0
0
0
0
0
0
0
0
0
0
-1793
-6617
-21077
-16801
3066
22514
16132
-638
0
0
0
0
0
0
0
0
0
0
0
0
0
0
0
0
0
0
0
0
-3833
-11018
-26964
-22570
-6857
11348
13936
0
0
0
0
0
0
0
0
0
0
0
0
0
0
0
0
0
0
0
0
0
-8897
-21554
-35216
-30796
-15905
-2874
5420
0
0
0
0
0
0
0
0
0
0
0
0
0
0
0
0
0
0
0
0
0
-9390
-22546
-34376
-34674
-17414
-9077
-1778
0
0
0
0
0
0
0
0
0
0
0
0
0
0
0
0
0
0
0
0
0
-3063
-7295
-16060
-22773
-12310
-5556
-1595
0
0
0
0
0
0
0
0
0
0
0
0
0
0
0
0
0
0
0
0
0
2225
1626
-2640
-6251
-4495
-957
0
0
0
0
0
0
0
0
0
0
0
0
0
0
0
0
0
0
0
0
0
0
0
0
0
0
0
0
0
0
0
0
0
0
0
0
0
0
0
0
0
0
0
0
0
0
0
0
0
0
0
0
0
0
0
0
0
0
0
0
0
0
0
0
0
0
0
0
0
0
0
0
0
0
0
0
0
0
0
0
0
0
0
0
0
0
0
0
0
0
0
0
0
0
0
0
0
0
0
0
0
0
0
0
0
0
0
0
0
0
0
0
0
0
0
0
0
0
0
0
0
0
0
0
0
0
0
0
-250
-370
3760
2842
6679
8848
0
0
0
-350
910
980
1694
3353
1106
0
0
0
0
0
0
0
0
0
0
0
0
0
-1475
-5270
-5525
642
14057
16141
0
0
0
-1965
-1910
1219
4816
11943
7518
0
0
0
0
0
0
0
0
0
0
0
0
-20
-3510
-10998
-16782
-6801
29229
26858
0
0
0
-3770
-11165
-10344
3418
19370
15113
395
0
0
0
0
0
0
0
0
0
0
0
-410
-6395
-23346
-34841
-8308
49836
32644
0
0
0
-5690
-18030
-23960
342
32641
26177
1105
0
0
0
0
0
0
0
0
0
0
-220
-1750
-10956
-37196
-48283
5235
67921
27514
0
0
0
-9739
-28956
-37975
-1724
48659
36062
1890
0
0
0
0
0
0
0
0
0
0
-1610
-5392
-22676
-47969
-38289
27836
62155
18751
0
0
-90
-11740
-38113
-50197
-4415
64775
42214
2775
0
0
0
0
0
0
0
0
0
-420
-3330
-13651
-34984
-47803
-11011
51837
46832
8655
0
0
-1015
-11741
-42722
-57866
-2655
73306
42745
2668
0
0
0
0
0
0
0
0
0
-2310
-9247
-29029
-51760
-31731
31563
58823
23355
1972
0
-160
-3310
-18797
-50715
-61135
12483
78821
36715
2116
0
0
0
0
0
0
0
0
-70
-4690
-19996
-47150
-56403
2752
65545
42322
5296
132
0
-1230
-6494
-30420
-61381
-47978
36003
76277
26661
1238
0
0
0
0
0
0
0
0
-355
-9442
-33705
-63981
-40069
43771
67757
19705
572
0
0
-3505
-16286
-45120
-67492
-21069
60053
66178
15168
386
0
0
0
0
0
0
0
0
-565
-15633
-47651
-68908
-16575
68911
57942
7420
0
0
-110
-6106
-26985
-61363
-59427
17593
74422
47936
5061
44
0
0
0
0
0
0
0
0
-752
-18992
-55529
-68014
7573
79086
50079
12830
6374
6854
7211
-2522
-31450
-63016
-34445
48382
77907
30984
726
0
0
0
0
0
0
0
0
0
-1032
-19683
-56790
-69017
3832
63249
40385
21173
16382
13702
10369
-3101
-34173
-57289
-8653
64927
70664
17836
0
0
0
0
0
0
0
0
0
0
-752
-15672
-46560
-64439
-18393
20235
13548
1533
-2568
-4871
-10669
-25079
-50062
-50928
14372
74502
63098
11459
0
0
0
0
0
0
0
0
0
0
-192
-10416
-34080
-52541
-29147
-1672
670
-5401
-8382
-7454
-13497
-31600
-53148
-37020
33021
82500
56776
7679
0
0
0
0
0
0
0
0
0
0
0
-5152
-21484
-39389
-34889
-19148
-9970
-10808
-9694
-8922
-12202
-30526
-53530
-30443
34624
86263
50713
2884
0
0
0
0
0
0
0
0
0
0
0
-960
-6160
-17020
-25041
-22553
-15630
-10318
-5904
-742
-5332
-34276
-66062
-38967
35617
87606
44970
2156
0
0
0
0
0
0
0
0
0
0
0
0
0
-1152
-4512
-7560
-5394
-2580
-168
4200
-5265
-42247
-79394
-49609
33299
87876
45092
1826
0
0
0
0
0
0
0
0
0
0
0
0
0
0
0
0
0
0
0
0
-11373
-40201
-77352
-51205
35631
85294
39899
484
0
0
0
0
0
0
0
0
0
0
0
0
0
0
0
0
0
0
0
0
-12890
-44084
-79002
-46783
37559
74829
28163
0
0
0
0
0
0
0
0
0
0
0
0
0
0
0
0
0
0
0
0
0
-12211
-44794
-74941
-34544
39088
59685
18068
0
0
0
0
0
0
0
0
0
0
0
0
0
0
0
0
0
0
0
0
0
-11492
-37677
-59090
-11166
39719
37267
7249
0
0
0
0
0
0
0
0
0
0
0
0
0
0
0
0
0
0
0
0
0
-10552
-28209
-32074
10040
25893
12320
1210
0
0
0
0
0
0
0
0
0
0
0
0
0
0
0
0
0
0
0
0
0
-4272
-10840
-7793
9686
6149
726
0
0
0
0
0
0
0
0
0
0
0
0
0
0
0
0
0
0
0
0
0
0
0
0
0
0
0
0
0
0
0
0
0
0
0
0
0
0
0
0
0
0
0
0
0
0
0
0
0
0
0
0
0
0
0
0
0
0
0
0
0
0
0
0
0
0
0
0
0
0
0
0
0
0
0
0
0
0
0
0
0
0
0
0
0
0
0
0
0
0
0
0
0
0
0
0
0
0
0
0
0
0
0
0
0
0
0
0
0
0
0
0
0
0
0
0
0
0
0
0
0
0
0
0
0
0
0
0
-1075
-6416
-9568
-11827
-5016
-896
0
0
0
-1505
-2842
-4256
-2849
-882
-112
0
0
0
0
0
0
0
0
0
0
0
0
0
-5380
-22429
-18723
-17419
-8747
-248
0
0
0
-7102
-11456
-14041
-12709
-4428
-588
0
0
0
0
0
0
0
0
0
0
0
0
-86
-10269
-23230
-21456
-15732
-4648
-3142
0
0
0
-9302
-19446
-16033
-15066
-7833
-915
-40
0
0
0
0
0
0
0
0
0
0
0
-1686
-13571
-11302
-13470
-5104
6961
1308
0
0
0
-1162
-15341
-14764
-10398
-5693
-2629
-50
0
0
0
0
0
0
0
0
0
0
-946
-10230
-17464
-156
-1989
7693
8490
1059
0
0
0
2986
-5698
-12485
-8000
1741
-464
-150
0
0
0
0
0
0
0
0
0
0
-6076
-23575
-13761
11480
10691
15663
9425
1974
0
0
-387
-3359
-1364
-10809
-10138
1294
57
-95
0
0
0
0
0
0
0
0
0
-1806
-16639
-25511
356
15965
19546
15241
3967
1748
0
0
-4018
-10751
-3408
-7442
-2674
4540
1599
129
0
0
0
0
0
0
0
0
0
-8316
-20880
-12879
10770
17988
19206
9311
1184
-113
0
-688
-13582
-11094
1600
-319
9435
8632
1974
72
0
0
0
0
0
0
0
0
-301
-13412
-14634
4573
11864
18439
13093
619
242
-30
0
-4673
-20159
-9933
11768
9481
14514
11480
2414
268
0
0
0
0
0
0
0
0
-1257
-11120
-2438
16384
14292
14935
8889
1112
-130
0
0
-10636
-14624
-2212
15763
16465
13161
6609
1858
24
0
0
0
0
0
0
0
0
-1194
-1941
12159
15223
10598
9083
1356
1364
0
0
-473
-11488
-6641
4557
11911
13560
10432
1333
691
-10
0
0
0
0
0
0
0
0
771
9794
15344
3125
-4381
-10970
-13136
-11335
-11614
-13796
-18937
-24937
-11674
5004
6724
8219
6047
6
-165
0
0
0
0
0
0
0
0
0
2049
18495
17010
-5872
-15859
-32232
-41407
-40600
-42774
-45075
-47217
-33119
-15266
2338
6382
7901
4843
1454
0
0
0
0
0
0
0
0
0
0
1344
23666
27945
7831
-4094
-14395
-27632
-34167
-29552
-25530
-23039
-4233
2334
9482
7237
9295
4674
192
0
0
0
0
0
0
0
0
0
0
304
19228
38028
35836
27327
27769
26026
19784
24922
30478
24919
27178
24445
17854
4911
4981
2596
1416
0
0
0
0
0
0
0
0
0
0
0
8924
26159
38969
40074
43893
50581
54299
53406
54619
49248
35725
26368
12070
3494
4223
-1432
15
0
0
0
0
0
0
0
0
0
0
0
1520
7500
17160
24143
25412
26869
28964
23516
19938
20761
15712
9333
1186
523
4272
1352
-592
0
0
0
0
0
0
0
0
0
0
0
0
0
1824
4440
5880
5538
4878
1596
-588
4594
11895
11515
3672
1551
4668
2384
814
0
0
0
0
0
0
0
0
0
0
0
0
0
0
0
0
0
0
0
0
2314
8313
10201
6101
7797
7231
388
-110
0
0
0
0
0
0
0
0
0
0
0
0
0
0
0
0
0
0
0
0
-1944
12461
27108
18933
17889
11667
1190
0
0
0
0
0
0
0
0
0
0
0
0
0
0
0
0
0
0
0
0
0
6809
30815
47412
32741
20319
10050
2454
0
0
0
0
0
0
0
0
0
0
0
0
0
0
0
0
0
0
0
0
0
22494
38251
40731
30727
14209
3838
1425
0
0
0
0
0
0
0
0
0
0
0
0
0
0
0
0
0
0
0
0
0
20119
25510
19011
10786
3100
-1019
-275
0
0
0
0
0
0
0
0
0
0
0
0
0
0
0
0
0
0
0
0
0
6764
7136
3585
-1977
-1435
-165
0
0
0
0
0
0
0
0
0
0
0
0
0
0
0
0
0
0
0
0
0
0
0
0
0
0
0
0
0
0
0
0
0
0
0
0
