0
0
0
0
0
0
0
0
0
0
0
0
0
0
0
0
0
0
0
0
0
0
0
0
0
0
0
0
0
0
0
0
0
0
0
0
0
0
0
0
0
0
0
0
0
0
0
0
0
0
0
0
0
0
0
0
0
0
0
0
0
0
0
0
0
0
0
0
0
0
0
0
0
0
0
0
0
0
0
0
0
0
0
0
0
0
0
0
0
0
0
0
0
0
0
0
0
0
0
0
0
0
0
0
0
0
0
0
0
0
0
0
0
0
0
0
0
0
0
0
0
-252
-3077
-8011
-7538
-603
3004
536
10
0
0
0
0
0
0
0
0
0
0
0
0
0
0
0
0
0
0
0
-1620
-7219
-18242
-23250
-5544
12151
9207
-900
5
0
0
0
0
0
0
0
0
0
0
0
0
0
0
0
0
0
0
-504
-8458
-22415
-28773
-14183
17084
23406
4638
-5030
365
45
0
0
0
0
0
0
0
0
0
0
0
0
0
0
0
0
0
-3656
-20669
-29719
-8439
17975
24256
6171
-13147
-13498
510
1930
369
15
0
0
0
0
0
0
0
0
0
0
0
0
0
0
-540
-11447
-28245
-11976
23308
25250
395
-20040
-19759
-9791
4475
4752
-22
0
0
0
0
0
0
0
0
0
0
0
0
0
0
0
-2544
-20046
-20855
17196
39177
17123
-12509
-22799
-17431
-3488
2599
118
-1736
329
45
0
0
0
0
0
0
0
0
0
0
0
0
0
-5337
-21105
-2825
38621
40296
615
-21005
-21534
-17222
-6738
-1793
-2996
-3167
-1690
-150
0
0
0
0
0
0
0
0
0
0
0
0
0
-8050
-18434
8641
38993
18388
-21009
-29877
-25932
-17902
-7064
2199
3692
-8299
-8079
-669
0
0
0
0
0
0
0
0
0
0
0
0
0
-8968
-13856
11029
21494
-7318
-29058
-33937
-22561
-2971
8896
6069
-4355
-16692
-13858
-927
0
0
0
0
0
0
0
0
0
0
0
0
0
-6256
-6649
5737
4488
-15783
-33990
-29992
1976
22081
14407
-6717
-15822
-16839
-9994
-493
0
0
0
0
0
0
0
0
0
0
0
0
0
596
-130
-86
-3123
-21413
-29788
-2009
41397
30420
-6624
-22951
-12172
-8911
-6276
-1776
85
0
0
0
0
0
0
0
0
0
0
0
0
2490
1350
989
-3354
-9793
1512
30737
40889
-1136
-30264
-22677
-6099
-5335
-9012
-4367
60
0
0
0
0
0
0
0
0
0
0
0
0
1071
4845
6845
3693
9581
20711
20044
-7222
-32813
-25683
-14854
-6090
-5674
-6327
-5746
-1820
45
0
0
0
0
0
0
0
0
0
0
0
162
3192
6103
7019
9256
8410
-13407
-32756
-23870
-5812
-6589
-9385
-2694
-1667
-8234
-5383
135
0
0
0
0
0
0
0
0
0
0
0
0
612
3010
5055
2413
-6821
-19462
-18576
-6809
1873
-1860
-6929
-1520
-3750
-9708
-7315
-647
95
0
0
0
0
0
0
0
0
0
0
0
0
612
1150
-1496
-6457
-6925
-2587
-179
2925
3382
-2896
-7871
-6092
-5243
-7275
-2783
162
20
0
0
0
0
0
0
0
0
0
0
0
0
0
0
0
0
0
0
825
3431
628
-8121
-5673
-2473
-5416
-5054
-1324
35
0
0
0
0
0
0
0
0
0
0
0
0
0
0
0
0
0
0
18
2278
3976
-1653
-7488
-2037
-1961
-7443
-4646
-294
0
0
0
0
0
0
0
0
0
0
0
0
0
0
0
0
0
0
0
432
3335
2998
-6133
-5800
-2139
-5429
-7773
-2141
105
0
0
0
0
0
0
0
0
0
0
0
0
0
0
0
0
0
0
0
1356
5562
-1734
-9584
-520
1298
-7932
-6052
-225
0
0
0
0
0
0
0
0
0
0
0
0
0
0
0
0
0
0
0
180
2377
768
-1949
7281
10385
-6800
-12915
-2061
0
0
0
0
0
0
0
0
0
0
0
0
0
0
0
0
0
0
0
0
270
4850
6847
9143
3643
-11490
-16847
-3933
0
0
0
0
0
0
0
0
0
0
0
0
0
0
0
0
0
0
0
0
0
1905
5787
5444
-7979
-12377
-11267
-2907
0
0
0
0
0
0
0
0
0
0
0
0
0
0
0
0
0
0
0
0
0
126
1942
-627
-7515
-5794
-1281
-39
0
0
0
0
0
0
0
0
0
0
0
0
0
0
0
0
0
0
0
0
0
0
0
0
0
0
0
0
0
0
0
0
0
0
0
0
0
0
0
0
0
0
0
0
0
0
0
0
0
0
0
0
0
0
0
0
0
0
0
0
0
0
0
0
0
0
0
0
0
0
0
0
0
0
0
0
0
0
0
0
0
0
0
0
0
0
0
0
0
0
0
0
0
0
0
0
0
0
0
0
0
0
0
0
0
0
0
0
0
0
0
0
0
0
0
0
0
0
0
0
0
0
0
448
4715
5817
-1627
-5815
-11216
-8262
-170
0
0
0
0
0
0
0
0
0
0
0
0
0
0
0
0
0
0
0
2880
7551
12886
14316
-9673
-28758
-35003
-23533
-1019
0
0
0
0
0
0
0
0
0
0
0
0
0
0
0
0
0
0
896
10776
18731
25197
19772
-21876
-57235
-55193
-35264
-8725
-765
0
0
0
0
0
0
0
0
0
0
0
0
0
0
0
0
0
5644
20955
35015
37439
22778
-21933
-60284
-66813
-49664
-29310
-14210
-4998
-255
0
0
0
0
0
0
0
0
0
0
0
0
0
0
960
14125
35356
51593
42360
19544
-1266
-29995
-52826
-61842
-50907
-37193
-17884
-1401
0
0
0
0
0
0
0
0
0
0
0
0
0
0
3606
24892
48932
52728
37230
22247
31183
18361
-16675
-52312
-65413
-53681
-33824
-10585
-765
0
0
0
0
0
0
0
0
0
0
0
0
0
6883
37116
55568
45989
21123
17291
53466
68089
39577
-15219
-66866
-68588
-47093
-22332
-1653
0
0
0
0
0
0
0
0
0
0
0
0
0
13337
46343
61389
31740
-2822
3608
61483
89291
77582
28712
-47379
-72966
-54442
-22636
-1068
0
0
0
0
0
0
0
0
0
0
0
0
0
16434
54371
64269
20013
-23759
-18079
43335
90154
82572
41479
-32393
-68360
-60065
-26244
-2196
0
0
0
0
0
0
0
0
0
0
0
0
0
15278
58040
69270
26134
-24367
-39005
3151
46815
57062
34085
-10881
-47586
-57103
-36672
-9346
0
0
0
0
0
0
0
0
0
0
0
0
0
12538
52416
78721
43557
-5218
-31033
-17239
4018
25979
40895
19677
-27570
-57983
-46896
-20722
-1445
0
0
0
0
0
0
0
0
0
0
0
0
5574
39178
79190
71796
30407
-2113
-17560
-14555
15594
64299
58577
-3150
-53524
-55810
-33416
-8959
0
0
0
0
0
0
0
0
0
0
0
0
1283
20065
58499
78437
60268
26345
852
-6270
17944
69278
87052
37735
-30287
-57569
-46442
-20802
-765
0
0
0
0
0
0
0
0
0
0
0
99
5224
31333
61969
68490
46652
21279
9601
14363
45125
83924
70977
1660
-49035
-54912
-32159
-6498
0
0
0
0
0
0
0
0
0
0
0
0
374
7610
27727
44246
39386
21208
7299
1925
19200
64063
89101
40637
-28917
-54924
-44993
-19986
-1615
0
0
0
0
0
0
0
0
0
0
0
0
374
4099
12094
17325
12087
3440
-301
5326
35376
78746
72044
6165
-43714
-52455
-35226
-9927
-340
0
0
0
0
0
0
0
0
0
0
0
0
0
0
0
0
0
0
574
15146
56178
86100
45210
-23338
-51104
-46969
-23880
-2463
0
0
0
0
0
0
0
0
0
0
0
0
0
0
0
0
0
0
11
3168
28666
72357
77019
12672
-40009
-50027
-36737
-10027
0
0
0
0
0
0
0
0
0
0
0
0
0
0
0
0
0
0
0
264
9582
44777
84704
55430
-15102
-44926
-46017
-22729
-1785
0
0
0
0
0
0
0
0
0
0
0
0
0
0
0
0
0
0
0
1527
19047
62748
78838
18421
-33442
-45192
-32077
-5982
0
0
0
0
0
0
0
0
0
0
0
0
0
0
0
0
0
0
0
110
3499
34309
73504
46708
-12926
-32801
-25225
-5667
0
0
0
0
0
0
0
0
0
0
0
0
0
0
0
0
0
0
0
0
165
11773
46374
50807
10475
-16594
-11467
-1809
0
0
0
0
0
0
0
0
0
0
0
0
0
0
0
0
0
0
0
0
0
1653
20993
38838
24273
411
-5040
-1086
0
0
0
0
0
0
0
0
0
0
0
0
0
0
0
0
0
0
0
0
0
77
1886
11758
16480
9744
912
-351
0
0
0
0
0
0
0
0
0
0
0
0
0
0
0
0
0
0
0
0
0
0
0
0
0
0
0
0
0
0
0
0
0
0
0
0
0
0
0
0
0
0
0
0
0
0
0
0
0
0
0
0
0
0
0
0
0
0
0
0
0
0
0
0
0
0
0
0
0
0
0
0
0
0
0
0
0
0
0
0
0
0
0
0
0
0
0
0
0
0
0
0
0
0
0
0
0
0
0
0
0
0
0
0
0
0
0
0
0
0
0
0
0
0
0
0
0
0
0
0
0
0
0
-56
-725
-2496
-5552
-7892
-6240
-2584
-52
0
0
0
0
0
0
0
0
0
0
0
0
0
0
0
0
0
0
0
-360
-2164
-10139
-22682
-28085
-29076
-27700
-16050
-488
0
0
0
0
0
0
0
0
0
0
0
0
0
0
0
0
0
0
-112
-3857
-14360
-31604
-49328
-56920
-54819
-46671
-30057
-3819
-234
0
0
0
0
0
0
0
0
0
0
0
0
0
0
0
0
0
-1402
-11853
-29067
-44392
-58753
-69830
-63412
-52169
-43196
-23030
-6883
-1614
-78
0
0
0
0
0
0
0
0
0
0
0
0
0
0
-120
-5941
-19870
-33017
-38644
-45134
-58848
-60746
-63332
-60658
-50403
-30061
-11036
-693
0
0
0
0
0
0
0
0
0
0
0
0
0
0
-1197
-11908
-20471
-21859
-22666
-27791
-33814
-43290
-57249
-64078
-58895
-48688
-27344
-4703
-234
0
0
0
0
0
0
0
0
0
0
0
0
0
-3125
-13098
-12134
-6924
-1020
-1191
5085
-1279
-23778
-46853
-55361
-49644
-38282
-16871
-1299
0
0
0
0
0
0
0
0
0
0
0
0
0
-4001
-7574
-4656
3127
6403
11520
24096
21889
-134
-27442
-46911
-45125
-34973
-20036
-1311
0
0
0
0
0
0
0
0
0
0
0
0
0
-4255
-4081
-3080
-4680
-12499
-8471
1268
1272
-8617
-24567
-40852
-38424
-29370
-13506
-516
0
0
0
0
0
0
0
0
0
0
0
0
0
-507
1071
-5306
-17147
-35389
-48446
-41708
-26429
-26595
-27262
-37454
-36917
-36504
-23316
-4406
0
0
0
0
0
0
0
0
0
0
0
0
0
4747
8091
-3179
-16633
-39422
-71200
-66266
-42647
-26038
-21415
-24829
-28965
-42486
-36699
-14585
-442
0
0
0
0
0
0
0
0
0
0
0
0
8918
15289
9573
-7455
-23917
-45970
-41317
-19563
-833
4506
-5332
-16183
-36440
-41449
-26186
-4239
0
0
0
0
0
0
0
0
0
0
0
0
4158
16468
19672
12481
9829
13313
13661
15453
22817
25464
6579
-10393
-24387
-40016
-35764
-14531
-234
0
0
0
0
0
0
0
0
0
0
0
810
12221
21444
29019
35732
41285
37121
22060
22289
22403
11051
-5262
-14669
-31585
-40653
-25368
-2781
0
0
0
0
0
0
0
0
0
0
0
0
3060
13486
22182
29204
27249
18923
11571
10365
16172
15917
1411
-9324
-20915
-38036
-34965
-12662
-494
0
0
0
0
0
0
0
0
0
0
0
0
3060
8708
11225
6960
3629
955
231
9376
17390
11725
-4649
-13636
-29451
-42742
-28486
-4825
-104
0
0
0
0
0
0
0
0
0
0
0
0
0
0
0
0
0
0
3992
15339
17296
2067
-9643
-19852
-37059
-39018
-16767
-1106
0
0
0
0
0
0
0
0
0
0
0
0
0
0
0
0
0
0
90
8285
17796
12087
-3379
-10697
-23067
-39316
-29628
-5297
0
0
0
0
0
0
0
0
0
0
0
0
0
0
0
0
0
0
0
2160
13612
19778
6844
-4805
-12470
-27595
-36541
-15737
-546
0
0
0
0
0
0
0
0
0
0
0
0
0
0
0
0
0
0
0
5450
17547
14889
-4
-6525
-15029
-33426
-26051
-3681
0
0
0
0
0
0
0
0
0
0
0
0
0
0
0
0
0
0
0
900
10760
18203
7452
427
-1483
-11277
-21837
-6234
0
0
0
0
0
0
0
0
0
0
0
0
0
0
0
0
0
0
0
0
1350
14887
18034
14889
13388
10219
-905
-1455
0
0
0
0
0
0
0
0
0
0
0
0
0
0
0
0
0
0
0
0
0
8594
19204
17064
13920
10374
6918
1653
0
0
0
0
0
0
0
0
0
0
0
0
0
0
0
0
0
0
0
0
0
630
10319
8958
5594
2820
213
-117
0
0
0
0
0
0
0
0
0
0
0
0
0
0
0
0
0
0
0
0
0
0
0
0
0
0
0
0
0
0
0
0
0
0
0
0
0
0
0
0
0
0
0
0
0
0
0
0
0
0
0
0
0
0
0
0
0
0
0
0
0
0
0
0
0
0
0
0
0
0
0
0
0
0
0
0
0
0
0
0
0
0
0
0
0
0
0
0
0
0
0
0
0
0
0
0
0
0
0
0
0
0
0
0
0
0
0
0
0
0
0
0
0
0
0
0
0
0
0
0
0
0
0
637
7126
12936
6808
8445
15478
8540
174
0
0
0
0
0
0
0
0
0
0
0
0
0
0
0
0
0
0
0
4095
13048
21629
28440
28119
36163
34348
14406
833
0
0
0
0
0
0
0
0
0
0
0
0
0
0
0
0
0
0
1274
13591
23889
33743
55276
60887
53941
31914
12881
8084
783
0
0
0
0
0
0
0
0
0
0
0
0
0
0
0
0
0
7224
23817
33374
54086
82392
72391
50394
27709
13650
24548
15960
5241
261
0
0
0
0
0
0
0
0
0
0
0
0
0
0
1365
16070
33364
44663
65910
77084
49233
18866
14909
16272
32639
29724
12855
1119
0
0
0
0
0
0
0
0
0
0
0
0
0
0
4269
24450
34188
37472
47705
33951
2453
-10295
945
14237
27454
25760
18638
9534
783
0
0
0
0
0
0
0
0
0
0
0
0
0
6700
29608
28419
28586
27405
-11156
-35235
-21466
-7275
1085
8759
13058
14185
10591
747
0
0
0
0
0
0
0
0
0
0
0
0
0
13005
32005
28862
20929
5038
-37862
-34493
-16832
-5557
-618
-7171
-3277
-3283
-3417
-786
0
0
0
0
0
0
0
0
0
0
0
0
0
11504
27602
28345
12302
-7206
-30098
-6484
10326
22548
30698
-50
-12310
-13480
-10153
60
0
0
0
0
0
0
0
0
0
0
0
0
0
7738
24893
29159
18033
9740
6839
34673
49446
54951
42284
-10311
-26869
-16942
-4935
5664
0
0
0
0
0
0
0
0
0
0
0
0
0
4259
17847
26989
19321
11441
16032
40570
57533
49534
16776
-27898
-29377
-12925
3347
10497
1479
0
0
0
0
0
0
0
0
0
0
0
0
-2735
7039
12657
10623
2612
-1864
12576
20357
-4704
-24078
-25993
-17666
-13879
188
12369
7385
0
0
0
0
0
0
0
0
0
0
0
0
-2150
-750
7322
4442
-7205
-26094
-33516
-44577
-57413
-39541
-10731
-5570
-20082
-8393
9769
10909
783
0
0
0
0
0
0
0
0
0
0
0
-531
-5748
-1986
-5869
-18698
-42453
-62811
-67792
-60438
-23439
5752
9199
-13492
-13956
-209
10121
5706
0
0
0
0
0
0
0
0
0
0
0
0
-2006
-6332
-8078
-17607
-31037
-43123
-41783
-29923
-9057
8160
15143
1375
-14822
-10418
8688
13387
1653
0
0
0
0
0
0
0
0
0
0
0
0
-2006
-5375
-8806
-11744
-16020
-13082
-6379
-3738
3971
14055
10089
-9361
-15365
-222
16501
8333
348
0
0
0
0
0
0
0
0
0
0
0
0
0
0
0
0
0
0
-2553
-3281
7266
15394
2618
-14237
-9681
11596
13781
2101
0
0
0
0
0
0
0
0
0
0
0
0
0
0
0
0
0
0
-59
-3886
995
11694
10706
-6418
-16848
-5104
12828
7293
0
0
0
0
0
0
0
0
0
0
0
0
0
0
0
0
0
0
0
-1416
-4641
3364
15704
1816
-17128
-15391
5027
11738
1827
0
0
0
0
0
0
0
0
0
0
0
0
0
0
0
0
0
0
0
-2933
-2648
10420
9182
-10779
-19001
-11291
6687
3918
0
0
0
0
0
0
0
0
0
0
0
0
0
0
0
0
0
0
0
-590
-5996
1478
8264
-13523
-21449
-29086
-18409
-1209
0
0
0
0
0
0
0
0
0
0
0
0
0
0
0
0
0
0
0
0
-885
-3382
7376
-5399
-21686
-36396
-34926
-6723
0
0
0
0
0
0
0
0
0
0
0
0
0
0
0
0
0
0
0
0
0
-5186
-4070
-5436
-19673
-27722
-27788
-6612
0
0
0
0
0
0
0
0
0
0
0
0
0
0
0
0
0
0
0
0
0
-413
-6696
-5241
-11099
-13825
-12240
-3081
0
0
0
0
0
0
0
0
0
0
0
0
0
0
0
0
0
0
0
0
0
0
0
0
0
0
0
0
0
0
0
0
0
0
0
0
0
0
0
0
0
0
0
0
0
0
0
0
0
0
0
0
0
0
0
0
0
0
0
0
0
0
0
0
0
0
0
0
0
0
0
0
0
0
0
0
0
0
0
0
0
0
0
0
0
0
0
0
0
0
0
0
0
0
0
0
0
0
0
0
0
0
0
0
0
0
0
0
0
0
0
0
0
0
0
0
0
0
0
0
0
0
0
308
4145
14434
21186
14808
4796
284
4
0
0
0
0
0
0
0
0
0
0
0
0
0
0
0
0
0
0
0
1980
10629
24896
37365
40976
28468
8136
-1298
-24
0
0
0
0
0
0
0
0
0
0
0
0
0
0
0
0
0
0
616
6836
21472
30442
32713
41381
44108
24384
1798
369
18
0
0
0
0
0
0
0
0
0
0
0
0
0
0
0
0
0
3140
9841
14890
15485
17670
39855
56822
56231
28200
11145
3019
252
6
0
0
0
0
0
0
0
0
0
0
0
0
0
0
660
5571
4651
2193
1164
2442
24162
48553
58202
46439
24135
5971
-337
-39
0
0
0
0
0
0
0
0
0
0
0
0
0
0
1686
1405
-7322
-12389
-21984
-29539
-19950
8022
32733
50615
49095
22962
3396
329
18
0
0
0
0
0
0
0
0
0
0
0
0
0
239
-10765
-18498
-20607
-21134
-39917
-46095
-24635
8714
38465
49458
34743
6442
-1481
-177
0
0
0
0
0
0
0
0
0
0
0
0
0
-1913
-15352
-14153
2276
4285
-25416
-44548
-35517
-9801
21157
31376
26671
9683
-2037
-225
0
0
0
0
0
0
0
0
0
0
0
0
0
-7303
-24641
-9829
24366
28494
2553
-18187
-22290
-14092
9092
32774
29981
13820
768
129
0
0
0
0
0
0
0
0
0
0
0
0
0
-14467
-34773
-13653
34973
57680
42762
10568
-10121
-24245
-3771
29007
39929
18210
-1285
-547
0
0
0
0
0
0
0
0
0
0
0
0
0
-14871
-38028
-33695
17216
49333
40782
2672
-23596
-37015
-21419
17888
45087
30843
4161
-1063
34
0
0
0
0
0
0
0
0
0
0
0
0
-8027
-35699
-47158
-27565
-55
1639
-14099
-20413
-32164
-38862
-12458
34382
44051
20850
1564
-197
0
0
0
0
0
0
0
0
0
0
0
0
-2226
-21910
-42435
-51449
-44198
-31856
-17198
-4819
-24396
-45644
-38676
13666
44343
32479
6451
-1227
18
0
0
0
0
0
0
0
0
0
0
0
-270
-7484
-26256
-39830
-47450
-32628
-11381
-3144
-14868
-39715
-47438
-14181
30868
42099
18208
420
-63
0
0
0
0
0
0
0
0
0
0
0
0
-1020
-8564
-18494
-21614
-16219
-9596
-4302
-7727
-23332
-41902
-36902
11085
45436
34961
7357
-296
38
0
0
0
0
0
0
0
0
0
0
0
0
-1020
-3798
-5448
-3944
-3429
-4793
-3098
-7699
-31237
-44185
-16286
30219
45467
20588
1982
-43
8
0
0
0
0
0
0
0
0
0
0
0
0
0
0
0
0
0
0
-1424
-16822
-39897
-38011
4552
42575
37196
9270
-599
-38
0
0
0
0
0
0
0
0
0
0
0
0
0
0
0
0
0
0
-30
-5028
-26967
-43958
-26245
18603
43358
23041
1638
-363
0
0
0
0
0
0
0
0
0
0
0
0
0
0
0
0
0
0
0
-720
-11646
-36861
-41344
-4471
35853
36484
8904
-697
42
0
0
0
0
0
0
0
0
0
0
0
0
0
0
0
0
0
0
0
-2750
-19535
-40523
-29108
10139
35154
16270
-671
-363
0
0
0
0
0
0
0
0
0
0
0
0
0
0
0
0
0
0
0
-300
-5250
-32005
-41711
-22483
6431
12580
-589
-1050
0
0
0
0
0
0
0
0
0
0
0
0
0
0
0
0
0
0
0
0
-450
-14847
-36659
-27678
-7640
6884
1335
-72
0
0
0
0
0
0
0
0
0
0
0
0
0
0
0
0
0
0
0
0
0
-3518
-19404
-14675
-7612
-3320
-1994
-177
0
0
0
0
0
0
0
0
0
0
0
0
0
0
0
0
0
0
0
0
0
-210
-3624
-5832
-1799
-2833
-5337
-1560
0
0
0
0
0
0
0
0
0
0
0
0
0
0
0
0
0
0
0
0
0
0
0
0
0
0
0
0
0
0
0
0
0
0
0
0
0
0
0
0
0
0
0
0
0
0
0
0
0
0
0
0
0
0
0
0
0
0
0
0
0
0
0
0
0
0
0
0
0
0
0
0
0
0
0
0
0
0
0
0
0
0
0
0
0
0
0
0
0
0
0
0
0
0
0
0
0
0
0
0
0
0
0
0
0
0
0
0
0
0
0
0
0
0
0
0
0
0
0
0
0
0
0
273
3453
10025
11252
8016
5814
1064
20
0
0
0
0
0
0
0
0
0
0
0
0
0
0
0
0
0
0
0
1755
7880
14579
22297
29531
28361
22063
5604
166
0
0
0
0
0
0
0
0
0
0
0
0
0
0
0
0
0
0
546
4842
13607
20473
30815
42730
47572
44291
20903
1828
90
0
0
0
0
0
0
0
0
0
0
0
0
0
0
0
0
0
2542
7166
11841
14444
20529
33731
49420
61421
47508
15118
4619
726
30
0
0
0
0
0
0
0
0
0
0
0
0
0
0
585
4009
6255
603
-144
3429
14994
29439
54305
67312
44082
19787
4282
234
0
0
0
0
0
0
0
0
0
0
0
0
0
0
1236
2560
-303
-9366
-14604
-19991
-19476
-6864
22637
56409
65849
46119
18115
2206
90
0
0
0
0
0
0
0
0
0
0
0
0
0
381
-2972
-8301
-17326
-20642
-31839
-48367
-45567
-22792
15758
45125
54014
36318
7312
402
0
0
0
0
0
0
0
0
0
0
0
0
0
128
-4296
-10180
-13913
-11724
-18210
-42721
-52904
-45960
-13086
15923
35339
39043
15201
1074
0
0
0
0
0
0
0
0
0
0
0
0
0
-3805
-8677
-8721
70
15273
22948
-1679
-23884
-34119
-19720
5701
20395
27495
16105
1062
0
0
0
0
0
0
0
0
0
0
0
0
0
-5591
-15262
-14547
554
33948
54026
33495
5328
-16192
-15046
7932
25514
30804
17436
1489
0
0
0
0
0
0
0
0
0
0
0
0
0
-6516
-21758
-33420
-23408
19606
54503
42490
12435
-12182
-24654
-7854
22568
42860
32584
6682
170
0
0
0
0
0
0
0
0
0
0
0
0
-1039
-14484
-37497
-49297
-28489
9974
19293
6080
-19042
-41731
-39284
-5721
37587
45495
19392
1446
0
0
0
0
0
0
0
0
0
0
0
0
472
-6612
-26534
-56693
-72200
-48653
-20994
-8554
-17705
-37242
-49548
-33182
15354
45086
34690
6236
90
0
0
0
0
0
0
0
0
0
0
0
225
778
-8842
-30170
-55824
-60803
-39258
-20002
-12023
-22573
-41180
-44248
-12061
33464
44579
17920
972
0
0
0
0
0
0
0
0
0
0
0
0
850
1028
-5628
-18747
-30101
-30335
-18368
-4882
-6234
-24154
-43774
-32437
12177
45231
33750
5488
190
0
0
0
0
0
0
0
0
0
0
0
0
850
2281
1364
-3790
-7857
-6607
-2307
-948
-12716
-35233
-43022
-13741
34919
47286
19070
1790
40
0
0
0
0
0
0
0
0
0
0
0
0
0
0
0
0
0
0
1033
-3005
-21175
-42313
-35761
7560
47428
38258
7976
382
0
0
0
0
0
0
0
0
0
0
0
0
0
0
0
0
0
0
25
476
-9057
-33407
-46860
-23568
25109
47507
21914
2070
0
0
0
0
0
0
0
0
0
0
0
0
0
0
0
0
0
0
0
600
-923
-15785
-39899
-40538
-6503
39237
37448
7718
210
0
0
0
0
0
0
0
0
0
0
0
0
0
0
0
0
0
0
0
755
-5190
-26578
-42601
-30996
11945
42217
18496
1188
0
0
0
0
0
0
0
0
0
0
0
0
0
0
0
0
0
0
0
250
1810
-9787
-34861
-46561
-25684
21772
23349
3456
0
0
0
0
0
0
0
0
0
0
0
0
0
0
0
0
0
0
0
0
375
-3180
-19489
-38396
-43782
-14118
12305
4338
0
0
0
0
0
0
0
0
0
0
0
0
0
0
0
0
0
0
0
0
0
1856
-4264
-16270
-27971
-25740
-4909
639
0
0
0
0
0
0
0
0
0
0
0
0
0
0
0
0
0
0
0
0
0
175
2838
1743
-3718
-7928
-5481
-1131
0
0
0
0
0
0
0
0
0
0
0
0
0
0
0
0
0
0
0
0
0
0
0
0
0
0
0
0
0
0
0
0
0
0
0
0
0
0
0
0
0
0
0
0
0
0
0
0
0
0
0
0
0
0
0
0
0
0
0
0
0
0
0
0
0
0
0
0
0
0
0
0
0
0
0
0
0
0
0
0
0
0
0
0
0
0
0
0
0
0
0
0
0
0
0
0
0
0
0
0
0
0
0
0
0
0
0
0
0
0
0
0
0
0
0
0
0
0
0
0
0
0
0
-70
-530
1372
4338
5257
9910
7668
158
0
0
0
0
0
0
0
0
0
0
0
0
0
0
0
0
0
0
0
-450
-15
-330
-3351
3511
14887
22470
16432
837
0
0
0
0
0
0
0
0
0
0
0
0
0
0
0
0
0
0
-140
-2325
-5196
-12078
-14870
-3903
20007
40983
30916
7690
711
0
0
0
0
0
0
0
0
0
0
0
0
0
0
0
0
0
-1210
-5215
-16426
-30930
-32994
-13063
24383
63607
49221
22429
12410
4629
237
0
0
0
0
0
0
0
0
0
0
0
0
0
0
-150
-3550
-13416
-35085
-56055
-46191
-14768
25560
60479
52875
35220
24684
13258
1137
0
0
0
0
0
0
0
0
0
0
0
0
0
0
-915
-7724
-28679
-60001
-70572
-36246
-12522
4430
28853
36763
46543
43194
27496
9316
711
0
0
0
0
0
0
0
0
0
0
0
0
0
-2095
-15674
-44445
-73811
-47658
-1075
-12459
-24307
-8484
15691
42872
58210
41059
15668
1041
0
0
0
0
0
0
0
0
0
0
0
0
0
-3995
-23362
-57121
-66465
-8619
29881
-4962
-42671
-43893
-10146
40782
64785
53398
22508
1224
0
0
0
0
0
0
0
0
0
0
0
0
0
-7239
-35042
-67291
-53875
27083
55571
2723
-48479
-59281
-29131
30786
67241
67700
33326
2970
0
0
0
0
0
0
0
0
0
0
0
0
0
-7615
-38672
-70413
-42604
43798
67038
9293
-40895
-67311
-38144
11971
56445
77365
39318
8023
0
0
0
0
0
0
0
0
0
0
0
0
0
-8111
-36727
-71463
-48217
18673
43313
6884
-33786
-53107
-31106
-1596
38907
70350
45814
16377
1343
0
0
0
0
0
0
0
0
0
0
0
0
-6764
-30514
-62035
-59425
-13912
11694
-7856
-20158
-21782
-16061
-22141
9040
54025
54280
29636
7391
0
0
0
0
0
0
0
0
0
0
0
0
-2568
-18737
-45575
-61732
-40983
-20720
-13792
5319
14633
-9039
-47696
-24315
33214
58358
43222
15943
711
0
0
0
0
0
0
0
0
0
0
0
-432
-8552
-29563
-49728
-47343
-29698
1015
31374
28621
-13899
-59837
-49634
1403
50523
53438
28884
5544
0
0
0
0
0
0
0
0
0
0
0
0
-1632
-11200
-27964
-35667
-17695
9272
28859
14861
-16649
-46379
-61542
-29894
28973
58185
43058
15567
1501
0
0
0
0
0
0
0
0
0
0
0
0
-1632
-7328
-13290
-7225
6678
10461
2132
-6944
-29185
-58452
-54840
-2478
50130
49820
28810
8159
316
0
0
0
0
0
0
0
0
0
0
0
0
0
0
0
0
0
0
-2168
-15849
-42075
-59357
-31399
23088
50449
42957
18307
2069
0
0
0
0
0
0
0
0
0
0
0
0
0
0
0
0
0
0
-48
-5432
-25379
-52428
-54917
-10358
39685
48426
32009
8303
0
0
0
0
0
0
0
0
0
0
0
0
0
0
0
0
0
0
0
-1152
-11744
-35948
-57058
-38102
15569
48927
44442
18180
1659
0
0
0
0
0
0
0
0
0
0
0
0
0
0
0
0
0
0
0
-3296
-19398
-45644
-55327
-17276
35263
47059
28344
4404
0
0
0
0
0
0
0
0
0
0
0
0
0
0
0
0
0
0
0
-480
-7112
-28594
-49991
-41680
10036
42018
28215
4431
0
0
0
0
0
0
0
0
0
0
0
0
0
0
0
0
0
0
0
0
-720
-13004
-36435
-43672
-4378
36666
27347
5409
0
0
0
0
0
0
0
0
0
0
0
0
0
0
0
0
0
0
0
0
0
-4856
-22423
-31855
-9680
25786
18893
3699
0
0
0
0
0
0
0
0
0
0
0
0
0
0
0
0
0
0
0
0
0
-336
-6056
-13759
-8606
12340
7395
858
0
0
0
0
0
0
0
0
0
0
0
0
0
0
0
0
0
0
0
0
0
0
0
0
0
0
0
0
0
0
0
0
0
0
0
0
0
0
0
0
0
0
0
0
0
0
0
0
0
0
0
0
0
0
0
0
0
0
0
0
0
0
0
0
0
0
0
0
0
0
0
0
0
0
0
0
0
0
0
0
0
0
0
0
0
0
0
0
0
0
0
0
0
0
0
0
0
0
0
0
0
0
0
0
0
0
0
0
0
0
0
0
0
0
0
0
0
0
0
0
0
0
0
-301
-3630
-9536
-13635
-12582
-4912
-854
-16
0
0
0
0
0
0
0
0
0
0
0
0
0
0
0
0
0
0
0
-1935
-8480
-25502
-40366
-32386
-23918
-9876
-881
-60
0
0
0
0
0
0
0
0
0
0
0
0
0
0
0
0
0
0
-602
-10967
-28607
-43338
-50988
-39638
-25285
-16003
-7372
-1049
-72
0
0
0
0
0
0
0
0
0
0
0
0
0
0
0
0
0
-4664
-22396
-35443
-35774
-30036
-33416
-25565
-20948
-22847
-11730
-3637
-585
-24
0
0
0
0
0
0
0
0
0
0
0
0
0
0
-645
-13764
-22439
-22945
-12097
4480
-10637
-27803
-32140
-30081
-24277
-8473
-1187
-78
0
0
0
0
0
0
0
0
0
0
0
0
0
0
-3357
-18119
-11952
2350
22740
38999
24000
-4984
-26989
-24970
-24610
-19949
-7212
-1193
-72
0
0
0
0
0
0
0
0
0
0
0
0
0
-5767
-10137
4979
27672
51057
58729
48030
26698
-464
-21872
-14252
-10822
-8359
-898
6
0
0
0
0
0
0
0
0
0
0
0
0
0
-5482
-974
13037
25732
41253
54422
42562
31528
15386
-7098
-8230
-918
14
-1927
-198
0
0
0
0
0
0
0
0
0
0
0
0
0
-4210
6941
9751
7370
9545
14630
7997
4367
3985
4743
-928
-2261
4197
745
9
0
0
0
0
0
0
0
0
0
0
0
0
0
5832
13775
4692
-9947
-25029
-37645
-24386
-3572
8674
15572
1200
-6706
-7898
-2712
-305
0
0
0
0
0
0
0
0
0
0
0
0
0
14599
23058
11917
-10494
-30246
-40973
-17301
21095
33857
26514
423
-10458
-13563
-9341
-1739
-136
0
0
0
0
0
0
0
0
0
0
0
0
12343
33016
27238
6287
-613
1842
26758
45459
55580
38969
7087
-4738
-10363
-11069
-5508
-538
0
0
0
0
0
0
0
0
0
0
0
0
4411
28584
40372
35157
41270
55465
57846
48097
51789
41812
14851
-5787
-9649
-10820
-7886
-1253
-72
0
0
0
0
0
0
0
0
0
0
0
684
13830
34627
47322
52512
54334
42854
24452
24636
33593
24982
882
-4632
-9251
-9721
-4769
-450
0
0
0
0
0
0
0
0
0
0
0
0
2584
15206
29053
33878
23108
13749
6426
6020
25419
32674
12514
-5423
-8762
-11576
-9082
-1681
-152
0
0
0
0
0
0
0
0
0
0
0
0
2584
7772
10218
4787
-737
-2399
-231
12408
33123
27124
-845
-5621
-11399
-14083
-6236
-746
-32
0
0
0
0
0
0
0
0
0
0
0
0
0
0
0
0
0
0
3471
23196
35113
12352
-7617
-8110
-12463
-10707
-2107
-160
0
0
0
0
0
0
0
0
0
0
0
0
0
0
0
0
0
0
76
9408
31701
29917
2146
-1970
-5701
-10812
-5850
-622
0
0
0
0
0
0
0
0
0
0
0
0
0
0
0
0
0
0
0
1824
18059
38300
18711
-3734
-3688
-8773
-8653
-1837
-168
0
0
0
0
0
0
0
0
0
0
0
0
0
0
0
0
0
0
0
5602
27619
31903
4637
354
-314
-5977
-3785
-186
0
0
0
0
0
0
0
0
0
0
0
0
0
0
0
0
0
0
0
760
10709
34730
22375
8534
14012
9390
128
-312
0
0
0
0
0
0
0
0
0
0
0
0
0
0
0
0
0
0
0
0
1140
22453
38655
24503
16575
17390
4698
-237
0
0
0
0
0
0
0
0
0
0
0
0
0
0
0
0
0
0
0
0
0
7957
28702
23035
9105
7615
6143
1338
0
0
0
0
0
0
0
0
0
0
0
0
0
0
0
0
0
0
0
0
0
532
8800
8883
4149
-2546
-1725
-195
0
0
