0
0
0
0
0
0
0
0
0
0
0
0
0
0
0
0
0
0
0
0
0
0
0
0
0
0
0
0
0
0
0
0
0
0
0
0
0
0
0
0
0
0
0
0
0
0
0
0
0
0
0
0
0
0
0
0
0
0
0
0
0
0
0
0
0
0
0
0
0
0
0
-288
-1300
-2401
-2582
-1582
-2638
-4745
-4695
-659
875
854
115
0
0
0
0
0
0
0
0
0
0
0
0
0
0
-1332
-4919
-9979
-13968
-14580
-12313
-8950
-12316
-14365
-10139
-344
4061
4905
170
0
0
0
0
0
0
0
0
0
0
0
-612
-3559
-9040
-15987
-20336
-20323
-17342
-11618
-6897
-4409
-10312
-9369
-3073
11212
15625
7931
-3293
0
0
0
0
0
0
0
0
0
0
0
-2408
-12390
-23448
-24202
-13967
-4863
2086
6720
7009
6192
3980
7253
6481
22949
18037
-2290
-11483
0
0
0
0
0
0
0
-360
-2966
-5460
-3626
-3373
-18053
-23261
-4310
16314
19689
21450
19239
16253
14033
11433
10224
7079
16609
-412
-20129
-18733
0
0
0
0
0
0
-180
-4763
-16134
-15917
1448
6736
-8586
4053
29631
32657
19032
13186
7930
5177
1330
-3518
-5437
-5071
-6091
-23150
-25254
-14635
0
0
0
0
0
-108
-3725
-18372
-28059
-812
27715
16076
-686
18634
26583
14737
115
-3715
-9076
-12481
-17046
-18382
-16282
-13293
-16507
-23659
-15211
-6416
0
0
0
0
-216
-2958
-15666
-30824
-7629
39956
36901
-636
-7606
10253
6008
-4972
-15663
-19165
-22032
-19958
-17336
-12870
-8846
-7531
-8670
-7990
-2635
-85
0
0
0
0
-2112
-12653
-28714
-13765
40254
51733
2985
-27400
-14456
-2373
-6700
-9628
-11740
-9750
-7806
-4150
-1752
-649
-160
-5
0
0
0
0
0
0
0
0
-6526
-23356
-20617
26032
55439
14698
-32011
-26895
-6614
-537
-738
-582
-969
-513
-45
-1
0
0
0
0
0
0
0
0
0
0
0
0
-12244
-24738
-296
41391
23801
-24052
-30958
-11285
-614
-5
0
0
0
0
0
0
0
0
0
0
0
0
0
0
0
0
0
0
-15963
-17975
9528
23162
-13402
-33750
-19875
-3622
-4085
-3229
-1224
-1842
-2751
-1267
903
602
70
0
0
0
0
0
0
0
0
0
0
0
-15268
-8481
10724
5469
-22227
-21852
-12894
-9621
-12223
-8279
-7239
-11931
-11309
-5493
-416
1736
2652
420
0
0
0
0
0
0
0
0
0
0
-7054
5767
14562
2745
-19229
-14049
-11849
-13870
-11304
-4729
-6651
-11514
-6814
-1226
3531
6334
5106
686
310
0
0
0
0
0
0
0
0
0
2426
13500
10682
4480
-3601
-2349
-7702
-9651
-7960
-3862
-3535
-2634
1579
927
5922
8687
5047
-300
-805
0
0
0
0
0
0
0
0
0
4508
10673
5025
5664
4595
-1778
-9698
-13556
-13643
-5967
2297
6530
1252
-7897
-4394
4024
1937
-6919
-5087
0
0
0
0
0
0
0
0
0
1275
2670
3000
5164
177
-3150
-13980
-23709
-21358
-7146
2095
-5705
-19408
-21633
-8445
4290
-749
-13958
-11265
0
0
0
0
0
0
0
0
0
18
460
1691
-542
-5197
-4665
-8840
-15459
-11930
-140
-397
-20780
-29259
-14826
5999
10629
-6271
-20359
-13262
0
0
0
0
0
0
0
0
0
0
0
0
0
594
384
-266
-3929
-1626
776
-8882
-23624
-12656
10435
25818
10558
-19880
-25756
-11139
0
0
0
0
0
0
0
0
0
0
0
0
0
0
0
1685
3221
5606
4082
-339
-2631
12748
23105
14810
-16052
-34250
-21698
-5868
0
0
0
0
0
0
0
0
0
0
0
0
0
0
0
582
4586
7596
5878
4432
8632
13769
4986
-19988
-35659
-26885
-9079
-444
0
0
0
0
0
0
0
0
0
0
0
0
0
0
0
72
1825
5378
5750
3941
8714
-1652
-22629
-33022
-21984
-7786
-237
-5
0
0
0
0
0
0
0
0
0
0
0
0
0
0
0
0
198
1532
2175
2206
-1793
-13308
-19173
-13583
-2844
-64
0
0
0
0
0
0
0
0
0
0
0
0
0
0
0
0
0
0
0
0
828
964
-3292
-6130
-2959
-404
-11
0
0
0
0
0
0
0
0
0
0
0
0
0
0
0
0
0
0
0
0
0
0
0
0
0
0
0
0
0
0
0
0
0
0
0
0
0
0
0
0
0
0
0
0
0
0
0
0
0
0
0
0
0
0
0
0
0
0
0
0
0
0
0
0
0
0
0
0
0
0
0
0
0
0
0
0
0
0
0
0
0
0
0
0
0
0
0
0
0
0
0
0
0
0
0
0
0
0
0
0
0
0
0
0
0
0
0
0
0
0
0
0
0
0
0
0
0
0
0
0
0
0
0
0
0
0
0
0
0
0
0
0
0
0
0
0
512
1448
1283
650
-1755
599
-752
-1977
-4643
-7927
-4743
-1955
0
0
0
0
0
0
0
0
0
0
0
0
0
0
2368
4753
6721
6823
1608
-4882
-13152
-12127
-9885
-12587
-24621
-31408
-24448
-13631
0
0
0
0
0
0
0
0
0
0
0
1088
4493
7340
8504
8301
4628
235
-7576
-17107
-26737
-25870
-20897
-23992
-46675
-56467
-47081
-27494
0
0
0
0
0
0
0
0
0
0
0
3242
14092
19207
18601
8730
-5581
-10159
-12722
-18823
-26550
-24066
-15875
-15485
-46969
-66602
-54272
-28040
0
0
0
0
0
0
0
640
4194
1956
-1608
741
18244
33130
31985
12529
-6528
-5563
-4402
-2440
-4725
-3482
7002
16782
-10415
-46147
-41548
-18184
0
0
0
0
0
0
320
7317
13074
5958
-9283
-17941
8415
44167
46997
24685
9769
16992
23128
31777
34417
37226
42540
46964
29823
-3812
-14765
-6922
0
0
0
0
0
192
5993
16462
23033
6262
-27555
-40742
602
48273
58996
50151
40900
38816
37029
38562
37280
37306
39928
42225
33842
11842
-2185
-3089
0
0
0
0
384
4428
14856
29294
27592
-2662
-46605
-47691
-615
39503
51845
46945
37134
31692
28830
28074
27203
24515
22050
21626
20995
12920
3400
-765
0
0
0
0
3388
13365
26486
35607
20375
-19582
-41289
-28542
-2235
16181
28078
31332
26191
19555
12922
7072
2703
744
155
-45
0
0
0
0
0
0
0
0
8702
25737
40762
32074
-1831
-29532
-22193
-3613
-1113
1054
1957
2220
1631
847
-86
-9
0
0
0
0
0
0
0
0
0
0
0
0
17396
41681
53690
25979
-21600
-38273
-26721
-7497
-2550
-45
0
0
0
0
0
0
0
0
0
0
0
0
0
0
0
0
0
0
27217
57496
64487
24539
-30812
-43734
-39370
-25563
-15626
-8182
-6234
-4932
-4186
-3528
-4137
-4284
-1190
0
0
0
0
0
0
0
0
0
0
0
30781
69422
74491
36738
-23372
-47345
-47959
-38224
-29896
-23125
-21228
-19212
-16761
-19395
-25953
-24424
-15922
-7140
0
0
0
0
0
0
0
0
0
0
27066
68779
83056
56825
12472
-24332
-41066
-36410
-30722
-30166
-31341
-28038
-27277
-33599
-46798
-50916
-40498
-24540
-5270
0
0
0
0
0
0
0
0
0
18518
56780
79915
74069
55272
28132
2300
-5352
-8612
-13529
-23041
-22569
-21725
-29283
-48613
-65487
-58095
-39337
-15269
0
0
0
0
0
0
0
0
0
7690
35171
64810
72419
65012
59170
57860
54643
42801
27587
2643
-4784
1164
2525
-22164
-65786
-72388
-49373
-20552
0
0
0
0
0
0
0
0
0
849
10399
33961
53613
58364
56759
65234
83413
81664
61753
28915
16869
29677
40030
20682
-41595
-72791
-56101
-21723
0
0
0
0
0
0
0
0
0
11
381
3781
14537
28363
37934
52115
84809
96376
73797
36611
15295
28076
33974
14857
-31473
-60288
-47039
-15340
0
0
0
0
0
0
0
0
0
0
0
0
0
363
3531
15987
54463
90757
82941
46940
21007
21892
23210
4098
-26743
-41151
-26328
-5935
0
0
0
0
0
0
0
0
0
0
0
0
0
0
0
3242
29399
70412
87073
66970
33045
13048
5324
-3156
-10841
-14909
-7680
-2655
0
0
0
0
0
0
0
0
0
0
0
0
0
0
0
635
12616
45636
74323
77346
56749
36046
18101
7143
6228
2878
181
-781
0
0
0
0
0
0
0
0
0
0
0
0
0
0
0
44
2283
19117
47625
65459
56892
36769
21607
14259
8338
2226
-538
-45
0
0
0
0
0
0
0
0
0
0
0
0
0
0
0
0
121
2035
15187
35018
40047
28463
17882
9040
1893
-576
0
0
0
0
0
0
0
0
0
0
0
0
0
0
0
0
0
0
0
0
506
5184
12303
11587
4444
-127
-99
0
0
0
0
0
0
0
0
0
0
0
0
0
0
0
0
0
0
0
0
0
0
0
0
0
0
0
0
0
0
0
0
0
0
0
0
0
0
0
0
0
0
0
0
0
0
0
0
0
0
0
0
0
0
0
0
0
0
0
0
0
0
0
0
0
0
0
0
0
0
0
0
0
0
0
0
0
0
0
0
0
0
0
0
0
0
0
0
0
0
0
0
0
0
0
0
0
0
0
0
0
0
0
0
0
0
0
0
0
0
0
0
0
0
0
0
0
0
0
0
0
0
0
0
0
0
0
0
0
0
0
0
0
0
0
0
-64
-336
-989
-2031
-2779
-3332
-3530
-4876
-5393
-4570
-2104
-598
0
0
0
0
0
0
0
0
0
0
0
0
0
0
-296
-1311
-4482
-10189
-16456
-21500
-24498
-28727
-30369
-29948
-28155
-28182
-16293
-6197
0
0
0
0
0
0
0
0
0
0
0
-136
-891
-3107
-9523
-20061
-31786
-43777
-56402
-65956
-70731
-74784
-75226
-74622
-63519
-55536
-39332
-20681
0
0
0
0
0
0
0
0
0
0
0
-1251
-7163
-18967
-35613
-53773
-70492
-78940
-82072
-83771
-84065
-82112
-79415
-77718
-64373
-51323
-39526
-24886
0
0
0
0
0
0
0
-80
-718
-2002
-4160
-7417
-17392
-31059
-46321
-63182
-75393
-68774
-58821
-49028
-42518
-32531
-28136
-24496
-19366
-16319
-15102
-13006
0
0
0
0
0
0
-40
-1509
-7899
-15834
-19665
-22044
-27881
-23868
-20522
-21889
-23834
-9938
564
13227
20609
28508
33365
36298
25942
16551
7699
-19
0
0
0
0
0
-24
-1056
-9620
-25571
-34082
-35338
-34267
-18793
10418
26126
32917
33284
37258
38527
43357
44305
44560
44039
42380
27701
18124
9716
3362
0
0
0
0
-48
-819
-8133
-24485
-35609
-37418
-35859
-24608
5040
26620
37199
43667
44406
41989
36535
30279
23455
18815
16266
15542
7735
3740
935
-255
0
0
0
0
-722
-6358
-21323
-33971
-29232
-23968
-21010
-6300
15529
18678
21620
20005
16177
10933
6077
2702
855
203
40
-15
0
0
0
0
0
0
0
0
-3506
-15747
-28784
-24117
-15834
-14977
-5031
3176
4355
855
1878
1019
494
243
-31
-3
0
0
0
0
0
0
0
0
0
0
0
0
-6641
-19190
-21442
-14153
-19315
-20455
-8963
2645
-444
-15
0
0
0
0
0
0
0
0
0
0
0
0
0
0
0
0
0
0
-8307
-13857
-16094
-20683
-41104
-41965
-37667
-23336
-13077
-7604
-6309
-5109
-3892
-3668
-3038
-1708
-364
0
0
0
0
0
0
0
0
0
0
0
-5249
-6004
-12781
-33544
-63334
-67775
-67954
-62065
-52634
-40315
-35193
-35193
-30923
-26186
-23305
-18880
-8490
-2184
0
0
0
0
0
0
0
0
0
0
2351
3725
-1794
-18450
-48544
-67484
-75737
-80974
-83050
-79879
-77496
-78504
-76193
-71521
-62117
-51166
-35070
-16672
-1612
0
0
0
0
0
0
0
0
0
12327
19098
19805
12550
-2895
-27043
-47346
-56522
-67223
-75864
-80897
-82263
-83862
-84134
-77300
-65669
-52182
-33996
-10136
0
0
0
0
0
0
0
0
0
13606
23453
30248
36111
37411
29598
12420
-1222
-19704
-35649
-50534
-51843
-50861
-54101
-58498
-55400
-47158
-35807
-17093
0
0
0
0
0
0
0
0
0
6242
15458
24195
31979
37592
42882
40901
29067
13383
-842
-16565
-24493
-23454
-23583
-33540
-42030
-40357
-30541
-15552
0
0
0
0
0
0
0
0
0
90
2387
11065
15985
21481
24897
25585
19140
10490
1081
-12483
-31153
-33763
-31361
-29836
-35217
-30677
-23190
-11193
0
0
0
0
0
0
0
0
0
0
0
0
0
2970
4791
12665
14386
10582
3484
-10993
-36518
-46407
-43508
-30200
-22754
-15377
-8858
-1582
0
0
0
0
0
0
0
0
0
0
0
0
0
0
0
6072
15870
17544
11006
-1808
-14627
-24297
-14704
-2593
683
3587
5023
2690
0
0
0
0
0
0
0
0
0
0
0
0
0
0
0
2378
14991
22755
26913
24048
27471
25855
23834
20298
17134
10372
4756
-2
0
0
0
0
0
0
0
0
0
0
0
0
0
0
0
360
8010
18726
26685
33215
40039
43845
35610
20110
12103
3824
-191
-15
0
0
0
0
0
0
0
0
0
0
0
0
0
0
0
0
990
8617
16415
24215
26678
23085
14627
7124
1050
-192
0
0
0
0
0
0
0
0
0
0
0
0
0
0
0
0
0
0
0
0
4140
8822
5986
3603
1261
-68
-33
0
0
0
0
0
0
0
0
0
0
0
0
0
0
0
0
0
0
0
0
0
0
0
0
0
0
0
0
0
0
0
0
0
0
0
0
0
0
0
0
0
0
0
0
0
0
0
0
0
0
0
0
0
0
0
0
0
0
0
0
0
0
0
0
0
0
0
0
0
0
0
0
0
0
0
0
0
0
0
0
0
0
0
0
0
0
0
0
0
0
0
0
0
0
0
0
0
0
0
0
0
0
0
0
0
0
0
0
0
0
0
0
0
0
0
0
0
0
0
0
0
0
0
0
0
0
0
0
0
0
0
0
0
0
0
0
728
2541
3445
4317
5058
10619
11633
7710
8336
9700
5816
2001
0
0
0
0
0
0
0
0
0
0
0
0
0
0
3367
8988
14764
22680
31248
39455
43167
48233
47156
46583
37838
30645
26133
11537
0
0
0
0
0
0
0
0
0
0
0
1547
7413
15214
22240
31188
44765
57274
64639
70273
70106
73072
70845
70420
53075
40522
33924
11720
0
0
0
0
0
0
0
0
0
0
0
3637
16559
25399
36184
59314
78156
83339
81151
75004
64877
62279
61706
56882
32839
18782
10527
-5480
0
0
0
0
0
0
0
910
6566
7052
3484
12435
31996
36555
49648
70861
72950
62076
47382
30254
16862
4145
894
-3588
-20389
-29594
-31743
-28798
0
0
0
0
0
0
455
10133
20412
14009
18019
33955
38754
30090
36170
32131
6762
-11373
-27115
-41987
-51523
-57732
-58550
-56728
-58022
-63386
-53576
-34796
0
0
0
0
0
273
8416
21957
24213
24907
40335
36307
16714
7073
3559
-22154
-54649
-61275
-65572
-64602
-65106
-62894
-59098
-54832
-47866
-48960
-36723
-20749
0
0
0
0
546
6486
19730
31430
35320
46479
43892
4412
-21742
-11429
-15622
-37642
-60232
-60352
-62597
-55129
-49079
-42143
-35133
-30769
-23460
-21675
-14280
-6715
0
0
0
0
4474
17375
29339
35246
45567
47704
4373
-40694
-40244
-19215
-21834
-30282
-37446
-30989
-25536
-15744
-8899
-4011
-1235
-395
0
0
0
0
0
0
0
0
9399
25797
35422
38798
40788
11943
-42184
-54273
-23759
-4052
-2277
-1798
-2590
-1422
-1274
-79
0
0
0
0
0
0
0
0
0
0
0
0
17311
34958
39985
44719
30985
-14755
-39254
-25106
-4460
-395
0
0
0
0
0
0
0
0
0
0
0
0
0
0
0
0
0
0
23372
36208
41303
42933
26037
-6355
-2123
23662
25326
15324
12978
14334
9422
4921
5887
4970
1218
0
0
0
0
0
0
0
0
0
0
0
20023
30288
39823
39744
16563
14973
33709
57038
54638
52978
52782
51165
46319
42952
33933
24974
18338
7308
0
0
0
0
0
0
0
0
0
0
11756
18903
29092
28999
2712
16114
35472
52904
59072
66799
68796
67932
67973
68182
56638
42340
33062
18890
5394
0
0
0
0
0
0
0
0
0
2815
10805
5536
-6291
-25164
-15149
186
21304
35436
50094
60168
62751
65323
63779
49980
34286
28376
19692
9119
0
0
0
0
0
0
0
0
0
-4465
-50
-4234
-18315
-35210
-42053
-36956
-19036
-3858
12557
23694
32850
39024
32404
20343
10187
11816
6759
3296
0
0
0
0
0
0
0
0
0
-4028
-7721
-10267
-18060
-28653
-39804
-40442
-25725
-19569
-8906
-1347
7413
3720
-9
1898
-9022
-7549
-10055
-8309
0
0
0
0
0
0
0
0
0
-59
-1555
-7064
-11189
-20163
-28471
-28832
-11410
-4680
1503
-1216
5034
8856
11693
8101
-12323
-22905
-31457
-22710
0
0
0
0
0
0
0
0
0
0
0
0
0
-1947
-2817
-5230
5389
10119
10241
-3396
-7722
4937
9078
3912
-22235
-46922
-49449
-25493
0
0
0
0
0
0
0
0
0
0
0
0
0
0
0
-2221
3459
8423
6143
1290
-18247
-12871
-8074
-23421
-53058
-64662
-46921
-16791
0
0
0
0
0
0
0
0
0
0
0
0
0
0
0
-1303
-3543
2366
-3198
-13158
-36882
-45420
-54337
-66217
-69320
-55084
-27869
-6481
0
0
0
0
0
0
0
0
0
0
0
0
0
0
0
-236
-4508
-5171
-6111
-15213
-33698
-52032
-65248
-65049
-47451
-26181
-7318
-395
0
0
0
0
0
0
0
0
0
0
0
0
0
0
0
0
-649
-5541
-7654
-13452
-24981
-37595
-41364
-35326
-15783
-5056
0
0
0
0
0
0
0
0
0
0
0
0
0
0
0
0
0
0
0
0
-2714
-5332
-6205
-10763
-11177
-6825
-869
0
0
0
0
0
0
0
0
0
0
0
0
0
0
0
0
0
0
0
0
0
0
0
0
0
0
0
0
0
0
0
0
0
0
0
0
0
0
0
0
0
0
0
0
0
0
0
0
0
0
0
0
0
0
0
0
0
0
0
0
0
0
0
0
0
0
0
0
0
0
0
0
0
0
0
0
0
0
0
0
0
0
0
0
0
0
0
0
0
0
0
0
0
0
0
0
0
0
0
0
0
0
0
0
0
0
0
0
0
0
0
0
0
0
0
0
0
0
0
0
0
0
0
0
0
0
0
0
0
0
0
0
0
0
0
0
352
2028
4861
6969
7015
7604
12008
14184
10753
4728
1142
46
0
0
0
0
0
0
0
0
0
0
0
0
0
0
1628
8043
18680
29796
38190
42801
43109
40889
40576
44267
40312
21579
5764
-231
0
0
0
0
0
0
0
0
0
0
0
748
5283
16357
29982
39142
43355
44533
45210
46704
49165
43878
40458
43427
47677
30202
7964
-2647
0
0
0
0
0
0
0
0
0
0
0
1330
9475
26333
38490
39251
32102
27228
27159
28097
29910
19778
15127
13071
29888
30858
14488
-3471
0
0
0
0
0
0
0
440
4174
11126
12688
6617
1625
6633
15932
18321
8506
-3300
-12309
-18694
-20794
-26567
-31141
-30980
-3047
12271
13336
-1949
0
0
0
0
0
0
220
5147
19153
30862
28231
8789
-21770
-37066
-33112
-26504
-30190
-34622
-40751
-42468
-41149
-39974
-42074
-43164
-16627
728
4517
-3833
0
0
0
0
0
132
4243
15852
22269
23967
20968
5094
-31501
-49435
-50049
-38481
-36381
-33006
-31572
-27790
-25594
-25193
-25445
-26908
-14590
-5728
-3263
-3595
0
0
0
0
264
3660
13945
17348
8553
7524
12151
5997
-17488
-27964
-30917
-25432
-24429
-18006
-16150
-14563
-13094
-13245
-13238
-12230
-8925
-5355
-5355
-3400
0
0
0
0
2012
10987
16780
3538
-8557
-1209
6528
4039
-6747
-9892
-10984
-11501
-12952
-10340
-8127
-5339
-3472
-1590
-515
-200
0
0
0
0
0
0
0
0
2578
7415
3178
-5600
-4950
2966
5569
-3551
-5182
-2147
-450
-1028
-682
-345
-623
-40
0
0
0
0
0
0
0
0
0
0
0
0
-456
-3733
-2052
12825
29013
20076
3663
-3244
-2588
-200
0
0
0
0
0
0
0
0
0
0
0
0
0
0
0
0
0
0
-7485
-14741
-2163
33062
53129
49056
25832
17563
17512
15434
11313
9003
9436
7658
3598
728
28
0
0
0
0
0
0
0
0
0
0
0
-18683
-30421
-12708
30297
47959
53636
49789
47348
43910
45201
45093
43197
42813
41451
31537
14814
3802
168
0
0
0
0
0
0
0
0
0
0
-27847
-47783
-41589
-584
18206
33260
46157
49564
44776
46558
49908
46233
45947
50033
49531
33794
12834
1340
124
0
0
0
0
0
0
0
0
0
-23965
-46478
-55545
-44421
-33518
-20477
-6788
9106
21941
29403
32225
30273
32249
38155
50431
47689
25278
2296
-1128
0
0
0
0
0
0
0
0
0
-11091
-27934
-43205
-52670
-54430
-46871
-40519
-26736
-7557
7519
3092
-7767
-4519
11423
34604
43845
33815
8624
-2335
0
0
0
0
0
0
0
0
0
-2174
-9424
-21529
-27497
-38013
-40683
-45747
-43106
-26126
-3484
1148
-6000
-8787
-2226
16384
31858
26188
9636
-1582
0
0
0
0
0
0
0
0
0
-30
-822
-4362
-7931
-12482
-17707
-35028
-47883
-42045
-10168
16644
14550
107
-8283
-393
14097
13634
3890
-3502
0
0
0
0
0
0
0
0
0
0
0
0
0
-990
-2466
-13385
-39443
-49568
-27235
8766
11431
-1011
-19684
-20560
-3173
4457
948
-2920
0
0
0
0
0
0
0
0
0
0
0
0
0
0
0
-4820
-29543
-48771
-51156
-26539
-17231
-24150
-29591
-17278
-2875
724
-2664
-2277
0
0
0
0
0
0
0
0
0
0
0
0
0
0
0
-1166
-14785
-36196
-50418
-53402
-44865
-35996
-23428
-9525
-3464
-3356
-5073
-2875
0
0
0
0
0
0
0
0
0
0
0
0
0
0
0
-120
-3802
-17088
-30053
-43085
-39555
-23704
-9848
-7254
-3944
-5913
-3595
-200
0
0
0
0
0
0
0
0
0
0
0
0
0
0
0
0
-330
-3162
-12014
-18491
-16688
-13645
-6911
-5894
-5685
-2560
0
0
0
0
0
0
0
0
0
0
0
0
0
0
0
0
0
0
0
0
-1380
-4152
-3438
-1520
-3542
-3213
-440
0
0
0
0
0
0
0
0
0
0
0
0
0
0
0
0
0
0
0
0
0
0
0
0
0
0
0
0
0
0
0
0
0
0
0
0
0
0
0
0
0
0
0
0
0
0
0
0
0
0
0
0
0
0
0
0
0
0
0
0
0
0
0
0
0
0
0
0
0
0
0
0
0
0
0
0
0
0
0
0
0
0
0
0
0
0
0
0
0
0
0
0
0
0
0
0
0
0
0
0
0
0
0
0
0
0
0
0
0
0
0
0
0
0
0
0
0
0
0
0
0
0
0
0
0
0
0
0
0
0
0
0
0
0
0
0
312
1545
3088
4119
4394
5513
8576
7569
6993
3767
1616
230
0
0
0
0
0
0
0
0
0
0
0
0
0
0
1443
5961
11733
18441
24443
29092
31906
30347
31686
33292
33590
21617
12030
2134
0
0
0
0
0
0
0
0
0
0
0
663
4146
11206
17888
23354
28995
35715
42767
48851
54687
54887
52099
49666
53346
47478
32292
8210
0
0
0
0
0
0
0
0
0
0
0
886
6450
16706
27230
38920
42300
40791
41727
43076
45264
43241
38772
33286
36332
44560
42985
18218
0
0
0
0
0
0
0
390
3384
7160
6142
4882
4082
8363
15414
27276
25376
13862
-178
-9616
-13807
-15395
-18674
-24322
-15793
3048
21834
18439
0
0
0
0
0
0
195
4232
12428
17608
19821
16535
-4134
-25872
-34344
-23191
-16386
-19565
-29593
-38661
-44696
-47074
-48301
-51600
-45803
-29623
-5810
8368
0
0
0
0
0
117
3580
9948
13689
18671
26807
26260
2455
-29388
-53338
-55940
-47272
-45093
-44298
-45357
-44155
-43025
-40794
-40209
-38806
-31270
-16317
-934
0
0
0
0
234
3003
8715
12698
9227
8327
15317
18054
8032
-15956
-40203
-50584
-44814
-36939
-25550
-20117
-15067
-12067
-9872
-7759
-9435
-10200
-7395
-2465
0
0
0
0
1680
7407
12086
5270
-731
-44
880
2697
5250
2014
-4596
-11389
-13121
-13095
-9428
-6907
-4055
-1731
-580
-145
0
0
0
0
0
0
0
0
1829
6604
5272
1896
1220
-565
-2792
-2599
-3221
-827
-153
-768
-950
-903
-493
-29
0
0
0
0
0
0
0
0
0
0
0
0
1034
1266
-1756
6377
12984
10843
200
-1406
-1740
-145
0
0
0
0
0
0
0
0
0
0
0
0
0
0
0
0
0
0
-2977
-5211
-8531
12287
33376
45043
33760
18546
14098
9751
7812
6984
6321
4158
2968
1148
140
0
0
0
0
0
0
0
0
0
0
0
-7926
-13307
-16746
955
30733
56776
68915
58541
46783
40307
39357
36153
33679
31796
25840
13928
6060
840
0
0
0
0
0
0
0
0
0
0
-11935
-28614
-41805
-31297
2533
29843
54814
66312
65320
59191
59511
59988
57002
56690
57788
46092
25654
7676
620
0
0
0
0
0
0
0
0
0
-8156
-26467
-53769
-69208
-51225
-27754
-7431
15685
32210
39702
43801
47511
49034
51273
59425
63601
50829
25536
3226
0
0
0
0
0
0
0
0
0
-1485
-12209
-35601
-62822
-73002
-65424
-56044
-40864
-21906
-7022
-3206
-3711
-86
5161
20749
39043
48014
38742
10004
0
0
0
0
0
0
0
0
0
1658
1927
-8075
-25828
-46382
-58960
-62539
-60856
-47121
-26804
-5383
-6222
-13535
-17856
-6794
11526
27007
32584
14208
0
0
0
0
0
0
0
0
0
25
659
2926
2840
-3221
-12242
-26542
-43237
-48199
-38779
-5763
9768
2975
-12940
-16691
-2422
13374
19935
12026
0
0
0
0
0
0
0
0
0
0
0
0
0
825
1197
-3286
-20836
-40078
-44137
-15558
17113
19916
2814
-14480
-10082
-1049
7227
7407
0
0
0
0
0
0
0
0
0
0
0
0
0
0
0
-323
-10822
-33501
-57645
-56891
-28539
-12447
-9298
-17933
-17747
-11987
-3220
315
0
0
0
0
0
0
0
0
0
0
0
0
0
0
0
357
-3001
-17947
-44552
-69016
-63673
-43951
-30932
-24536
-19258
-12288
-5637
-1986
0
0
0
0
0
0
0
0
0
0
0
0
0
0
0
100
1374
-3387
-18671
-42949
-59485
-51572
-32328
-21109
-15256
-6788
-2813
-145
0
0
0
0
0
0
0
0
0
0
0
0
0
0
0
0
275
2349
240
-9073
-19577
-25738
-20652
-10823
-6550
-1856
0
0
0
0
0
0
0
0
0
0
0
0
0
0
0
0
0
0
0
0
1150
2264
-577
-5011
-5989
-2784
-319
0
0
0
0
0
0
0
0
0
0
0
0
0
0
0
0
0
0
0
0
0
0
0
0
0
0
0
0
0
0
0
0
0
0
0
0
0
0
0
0
0
0
0
0
0
0
0
0
0
0
0
0
0
0
0
0
0
0
0
0
0
0
0
0
0
0
0
0
0
0
0
0
0
0
0
0
0
0
0
0
0
0
0
0
0
0
0
0
0
0
0
0
0
0
0
0
0
0
0
0
0
0
0
0
0
0
0
0
0
0
0
0
0
0
0
0
0
0
0
0
0
0
0
0
0
0
0
0
0
0
0
0
0
0
0
0
-80
10
588
1164
2576
2751
4411
4207
4682
7188
4284
1817
0
0
0
0
0
0
0
0
0
0
0
0
0
0
-370
350
1512
3305
7406
11742
16635
17512
14533
13932
18105
21252
18490
11403
0
0
0
0
0
0
0
0
0
0
0
-170
-200
1182
2955
3177
3806
3402
2508
4079
9300
12719
10211
3907
15136
29853
31972
20054
0
0
0
0
0
0
0
0
0
0
0
-905
-4175
-7597
-11399
-8127
-3677
-6084
-6471
-2808
4583
5880
2711
-6589
8670
32806
47950
28406
0
0
0
0
0
0
0
-100
-360
1780
2556
2433
-3107
-19074
-32556
-27748
-16832
-18112
-18958
-17669
-10213
-9560
-15433
-23181
-1488
29650
56266
28163
0
0
0
0
0
0
-50
-1230
-1200
-1682
2713
12443
-163
-38476
-64604
-52561
-31930
-25662
-19016
-15314
-10294
-6954
-8454
-15716
-1734
30190
56988
21220
0
0
0
0
0
-30
-965
-2777
-10201
-13767
-259
19622
2917
-44661
-69409
-41914
-15021
-7821
-4229
-4135
-2113
-1615
-3958
-8759
-164
21185
35264
9827
0
0
0
0
-60
-585
-2604
-10604
-21885
-24514
3943
34863
9839
-35281
-48937
-19832
-6944
1222
4503
3944
5001
4127
534
-3543
-340
8500
12665
1870
0
0
0
0
-670
-2730
-8765
-25057
-41905
-26814
20308
48810
18276
-16225
-22067
-5951
-738
6975
7588
6859
4672
1773
855
110
0
0
0
0
0
0
0
0
-2480
-9002
-24806
-44117
-43636
-1660
50862
45938
13648
-391
-1504
424
-487
1856
457
22
0
0
0
0
0
0
0
0
0
0
0
0
-5051
-18276
-45878
-57386
-12598
50945
66481
28615
4564
110
0
0
0
0
0
0
0
0
0
0
0
0
0
0
0
0
0
0
-9729
-34225
-68552
-57361
22474
77320
63543
26318
16707
9667
7167
7050
5656
3633
3647
3906
1106
0
0
0
0
0
0
0
0
0
0
0
-13883
-49516
-83896
-47943
31373
61825
43497
30285
23786
19116
20124
20685
18405
19013
21491
19180
13574
6636
0
0
0
0
0
0
0
0
0
0
-15117
-53696
-92843
-50561
7614
29676
27962
26705
20559
11956
13665
15615
11956
11930
23766
31700
27046
17850
4898
0
0
0
0
0
0
0
0
0
-14143
-45862
-80154
-57249
-27929
-8220
-161
4888
2729
-292
8908
10986
6892
8026
21877
37248
43212
31054
10779
0
0
0
0
0
0
0
0
0
-9980
-33594
-55148
-44911
-38553
-27189
-18342
-16842
-20867
-18493
-2880
-915
-5978
-4825
11512
36990
57683
46840
18182
0
0
0
0
0
0
0
0
0
-3368
-14777
-31252
-35659
-33401
-24796
-26353
-35100
-43091
-37586
-12066
5140
583
-7766
1702
37455
67513
60210
24651
0
0
0
0
0
0
0
0
0
-48
-1352
-7985
-17811
-21409
-15289
-23058
-37230
-60002
-57298
-24789
6658
5792
-12882
-12040
24734
65390
65466
21820
0
0
0
0
0
0
0
0
0
0
0
0
0
-1584
-5160
-14161
-34477
-69090
-71691
-34124
157
2724
-19143
-13387
25162
58578
56423
16406
0
0
0
0
0
0
0
0
0
0
0
0
0
0
0
-4360
-24090
-56292
-75007
-45493
-15672
-14731
-23455
-2867
28546
53251
41011
8526
0
0
0
0
0
0
0
0
0
0
0
0
0
0
0
-1424
-13904
-38415
-59968
-54026
-37144
-19744
-6972
16956
36046
40731
19946
2043
0
0
0
0
0
0
0
0
0
0
0
0
0
0
0
-192
-5016
-20983
-39824
-44711
-35782
-17568
10729
27781
31132
18866
2549
110
0
0
0
0
0
0
0
0
0
0
0
0
0
0
0
0
-528
-5464
-17995
-29627
-24419
-6944
17495
20969
11461
1408
0
0
0
0
0
0
0
0
0
0
0
0
0
0
0
0
0
0
0
0
-2208
-8336
-10478
1072
9871
3025
242
0
0
0
0
0
0
0
0
0
0
0
0
0
0
0
0
0
0
0
0
0
0
0
0
0
0
0
0
0
0
0
0
0
0
0
0
0
0
0
0
0
0
0
0
0
0
0
0
0
0
0
0
0
0
0
0
0
0
0
0
0
0
0
0
0
0
0
0
0
0
0
0
0
0
0
0
0
0
0
0
0
0
0
0
0
0
0
0
0
0
0
0
0
0
0
0
0
0
0
0
0
0
0
0
0
0
0
0
0
0
0
0
0
0
0
0
0
0
0
0
0
0
0
0
0
0
0
0
0
0
0
0
0
0
0
0
-344
-1501
-3229
-5013
-5077
-6645
-7843
-10349
-8320
-4526
-1325
-184
0
0
0
0
0
0
0
0
0
0
0
0
0
0
-1591
-5636
-13956
-24145
-31218
-35287
-34237
-39375
-38299
-37161
-30387
-20037
-6887
-870
0
0
0
0
0
0
0
0
0
0
0
-731
-4141
-11422
-24917
-38523
-47591
-53257
-55527
-55969
-54205
-53928
-54949
-54716
-34582
-24218
-9656
-850
0
0
0
0
0
0
0
0
0
0
0
-3237
-16102
-33705
-47725
-53606
-52216
-45871
-42518
-39392
-38168
-28499
-25405
-27436
-13082
-6013
-1731
-2349
0
0
0
0
0
0
0
-430
-3478
-6732
-9070
-10540
-22144
-30993
-36297
-30408
-17669
-2119
12449
25352
31456
39726
43406
42551
28173
21210
14489
1781
0
0
0
0
0
0
-215
-5869
-20322
-27050
-22737
-12991
-4308
7611
17776
35386
49244
59926
66540
68162
67340
67578
66875
67658
39724
23121
12366
1822
0
0
0
0
0
-129
-4536
-22794
-36168
-31085
-18243
1126
25241
43726
57500
69157
68376
66150
63297
59392
53714
50810
48460
45866
24848
12261
5875
2515
0
0
0
0
-258
-3558
-20056
-33296
-23957
-11542
2863
14792
32860
41335
49498
50859
47378
41647
31889
23975
16153
11014
9645
9770
3230
-1190
-2975
-425
0
0
0
0
-2650
-15928
-31123
-23250
6571
19604
20880
17110
17606
17633
19188
13771
8917
4741
1354
-629
-860
-365
-200
-25
0
0
0
0
0
0
0
0
-8197
-23927
-21768
5411
22890
29470
20232
4326
2096
822
1476
376
287
-429
-105
-5
0
0
0
0
0
0
0
0
0
0
0
0
-11289
-16996
-8006
11483
12562
8636
4395
475
-413
-25
0
0
0
0
0
0
0
0
0
0
0
0
0
0
0
0
0
0
-10017
-3605
-3706
-6858
-12386
-21631
-27838
-19489
-13996
-11870
-9219
-7452
-6545
-5999
-3318
-938
-112
0
0
0
0
0
0
0
0
0
0
0
-660
8828
4644
-17246
-33797
-39638
-44243
-46446
-42700
-38781
-38004
-39141
-35956
-31833
-24492
-14242
-4456
-672
0
0
0
0
0
0
0
0
0
0
16598
24632
25464
12075
-13943
-29334
-38700
-46993
-54084
-55238
-54621
-55803
-55748
-51276
-37508
-28074
-14650
-3170
-496
0
0
0
0
0
0
0
0
0
26979
42262
42750
45501
37616
18909
5267
-3592
-17683
-30390
-34079
-33501
-38296
-42985
-37774
-26292
-18404
-8099
-324
0
0
0
0
0
0
0
0
0
18445
37872
50365
56605
63575
63143
45880
31586
18990
8455
8392
15147
14997
2538
-14930
-9916
-4871
-4130
-1786
0
0
0
0
0
0
0
0
0
5371
16537
33310
39768
46412
55686
54760
43105
32023
26629
29134
25936
21617
14787
-546
-4051
723
3871
-38
0
0
0
0
0
0
0
0
0
76
2028
9657
14620
20967
21922
30414
27330
23423
19197
16021
10837
8349
11373
16234
11713
10475
7583
1051
0
0
0
0
0
0
0
0
0
0
0
0
0
2508
4452
18087
28914
27787
20898
6707
1579
4865
14848
32443
25641
18385
9077
890
0
0
0
0
0
0
0
0
0
0
0
0
0
0
0
7855
31775
37533
34379
26738
27258
38758
56195
52853
32501
17031
5596
2173
0
0
0
0
0
0
0
0
0
0
0
0
0
0
0
2408
22031
41545
46578
47966
62927
65025
60281
41717
21451
7633
789
-185
0
0
0
0
0
0
0
0
0
0
0
0
0
0
0
304
7913
26187
40610
48041
53046
53125
37961
18397
6867
-762
-585
-25
0
0
0
0
0
0
0
0
0
0
0
0
0
0
0
0
836
7412
19493
29780
23247
17231
9685
1076
-2063
-320
0
0
0
0
0
0
0
0
0
0
0
0
0
0
0
0
0
0
0
0
3496
8016
5650
746
-2219
-700
-55
0
0
0
0
0
0
0
0
0
0
0
0
0
0
0
0
0
0
0
0
0
0
0
0
0
0
0
0
0
0
0
0
0
0
0
0
0
0
0
0
0
0
0
0
0
0
0
0
0
0
0
0
0
0
0
0
0
0
0
0
0
0
0
0
0
