0
0
0
0
0
0
0
0
0
0
0
0
0
0
0
0
0
0
0
0
0
0
0
0
0
0
0
0
0
0
0
0
0
0
0
0
0
0
0
0
0
0
0
0
0
0
0
0
0
0
0
0
0
0
0
0
0
0
0
0
0
0
0
0
0
0
-180
-2995
-9096
-12955
-7776
291
3053
925
75
0
0
0
0
0
0
0
0
0
0
0
0
0
0
0
0
0
0
0
-1028
-11447
-24342
-21225
395
11709
8281
1129
-35
0
0
0
0
0
0
0
0
0
0
0
0
0
0
0
0
0
0
-360
-5761
-24498
-28154
-3502
22464
21253
7764
-2805
-1710
0
0
0
0
0
0
0
0
0
0
0
0
0
0
0
0
0
-1980
-7425
-20233
-27964
-3134
22680
23588
8070
-7686
-14842
-4308
1138
155
0
0
0
0
0
0
0
0
0
0
0
0
0
0
0
-8716
-21739
-28238
-6702
21096
18540
3353
-12637
-23616
-20827
-3150
4089
630
125
0
0
0
0
0
0
0
0
0
0
0
0
0
-3276
-22542
-29748
-6469
22237
20019
4673
-8960
-21214
-26902
-14562
1803
4619
1792
130
0
0
0
0
0
0
0
0
0
0
0
0
-1116
-12705
-29997
-11163
21748
22510
3282
-715
-1811
-10111
-14673
-10205
-235
3370
66
-1964
260
0
0
0
0
0
0
0
0
0
0
-576
-7440
-26229
-21478
14989
23431
8119
2197
11148
8850
-4707
-15293
-20654
-9682
-2240
-9045
-6065
1079
336
10
0
0
0
0
0
0
0
0
-1864
-16599
-25840
423
25152
17547
9894
16180
10720
-6777
-19033
-25487
-24444
-12761
-11725
-12328
-6916
2091
119
45
0
0
0
0
0
0
0
0
-2896
-19926
-13818
14947
26258
21302
18004
3577
-18848
-28973
-23532
-17169
-12043
-10307
-14079
-5424
2493
451
-3628
-377
0
0
0
0
0
0
0
0
-2478
-15508
-4412
19590
32951
21286
-3120
-28826
-33282
-21012
-8637
-1249
-4559
-10048
-9249
2053
3223
-7662
-10169
-1115
0
0
0
0
0
0
0
0
-3996
-16710
-6296
24129
35502
-1566
-34639
-32185
-16210
-3205
52
-258
-10725
-14382
-3885
9545
1537
-7487
-13636
-3852
0
0
0
0
0
0
0
0
-9280
-20691
-3553
32892
22605
-24724
-34708
-11861
-1504
-370
-1706
-9756
-21233
-10753
8495
16703
5498
-7391
-18332
-6542
0
0
0
0
0
0
0
0
-15028
-18421
5978
32004
7165
-23553
-22894
-550
-15
-3352
-11474
-25138
-20605
8265
23707
26162
7607
-19008
-23418
-7422
0
0
0
0
0
0
0
0
-15402
-10822
10373
27241
1501
-17031
-18876
0
-3276
-15351
-26626
-21940
4444
25721
28317
21677
-8955
-30530
-20349
-2255
0
0
0
0
0
0
0
0
-13248
-7703
6737
22156
-4684
-24167
-30096
-13860
-18952
-26690
-18001
7685
24022
23230
25675
8691
-26555
-29446
-11860
-1127
0
0
0
0
0
0
0
0
-10732
-4957
5830
13748
-17447
-39560
-39263
-15158
-14010
-6936
13969
23474
15040
16254
16868
-13335
-36340
-19921
-2785
-15
0
0
0
0
0
0
0
0
-5283
-127
3859
559
-26532
-36396
-21079
4408
9329
15814
18780
13988
9578
21007
711
-32252
-28996
-7670
-30
0
0
0
0
0
0
0
0
0
1321
2586
1878
-2274
-18452
-14239
4147
11706
8612
5301
7019
13809
15800
3153
-27800
-33412
-16702
-90
0
0
0
0
0
0
0
0
0
0
2985
3251
6604
5736
-1956
-5181
-1958
-3411
-1087
5869
13155
12384
-5933
-28057
-33887
-18465
-5833
0
0
0
0
0
0
0
0
0
0
0
1503
5332
11031
5466
246
-4776
98
7680
8339
6464
1911
-15437
-33313
-29545
-16463
-3868
-443
0
0
0
0
0
0
0
0
0
0
0
270
2973
5704
2381
1567
2033
7353
6472
-4774
-15137
-22728
-28576
-24086
-8883
-919
-167
-5
0
0
0
0
0
0
0
0
0
0
0
0
558
1030
935
2166
3412
1716
-9637
-20263
-22387
-19442
-12048
-5265
-1163
0
0
0
0
0
0
0
0
0
0
0
0
0
0
0
0
0
648
1278
-714
-6013
-10579
-8887
-4928
-3524
-2060
-486
-15
0
0
0
0
0
0
0
0
0
0
0
0
0
0
0
0
0
0
0
0
0
0
0
0
0
0
0
0
0
0
0
0
0
0
0
0
0
0
0
0
0
0
0
0
0
0
0
0
0
0
0
0
0
0
0
0
0
0
0
0
0
0
0
0
0
0
0
0
0
0
0
0
0
0
0
0
0
0
0
0
0
0
0
0
0
0
0
0
0
0
0
0
0
0
0
0
0
0
0
0
0
0
0
0
0
0
0
0
0
0
0
0
0
0
0
0
0
0
0
0
0
0
0
0
0
0
0
0
0
0
0
320
4785
7764
4706
-5483
-14361
-16086
-9350
-1275
0
0
0
0
0
0
0
0
0
0
0
0
0
0
0
0
0
0
0
1522
13751
20309
15441
-12504
-42584
-43119
-27530
-6410
0
0
0
0
0
0
0
0
0
0
0
0
0
0
0
0
0
0
640
7989
24349
36846
24640
-21985
-62069
-58821
-38502
-11746
0
0
0
0
0
0
0
0
0
0
0
0
0
0
0
0
0
3520
6655
16596
36408
47085
30707
-22981
-66061
-69798
-47863
-19237
-6171
-2635
0
0
0
0
0
0
0
0
0
0
0
0
0
0
0
12134
18287
28294
39043
35430
31862
6262
-34456
-57801
-55952
-38402
-26134
-14562
-2125
0
0
0
0
0
0
0
0
0
0
0
0
0
5824
21744
35179
38044
30327
20191
23688
13105
-14133
-37061
-48578
-57379
-49435
-34310
-13885
0
0
0
0
0
0
0
0
0
0
0
0
1984
13681
36716
52248
40733
19308
15110
17256
12258
3301
-4885
-21788
-49365
-61942
-50896
-30129
-4420
0
0
0
0
0
0
0
0
0
0
1024
9606
24689
48639
56972
37696
19325
10654
7409
9684
22186
43139
33420
-9065
-53600
-64499
-42848
-19775
-4862
-170
0
0
0
0
0
0
0
0
2336
19845
41646
56430
48549
20270
13041
2882
1710
14052
34862
69298
83109
44595
-18774
-64934
-58509
-39369
-18776
-1699
0
0
0
0
0
0
0
0
3812
31729
55836
61989
41096
7389
-916
-2209
5292
17910
30622
60654
92388
81821
28378
-40823
-69743
-54225
-30879
-3672
0
0
0
0
0
0
0
0
5418
42572
71025
59101
27777
-9855
-11080
3889
11349
10036
9833
30753
75676
93837
64058
-8322
-70104
-66612
-39132
-9753
0
0
0
0
0
0
0
0
9102
46006
81424
58404
10647
-26085
-18071
10595
9064
2672
-202
13390
57230
91579
83495
14892
-56736
-70310
-44372
-12846
0
0
0
0
0
0
0
0
15404
48853
80038
42604
-18463
-37910
-23347
1362
-701
550
1954
14385
45622
77605
73657
13505
-47788
-64453
-42368
-6766
0
0
0
0
0
0
0
0
22532
54958
76729
26327
-41500
-50085
-28193
-165
-135
5348
10588
22333
43322
53985
41475
310
-43462
-55298
-32210
-4522
0
0
0
0
0
0
0
0
30366
64055
75207
19319
-53429
-62585
-34759
0
5824
12925
22600
30852
34945
30066
11053
-15798
-39698
-33869
-9860
-1639
0
0
0
0
0
0
0
0
34422
73529
80933
21539
-52887
-56113
-29489
1080
3720
9334
20061
24493
19601
10225
-5280
-25994
-36053
-20508
-4887
-498
0
0
0
0
0
0
0
0
31522
77359
86009
34472
-38984
-48235
-24915
-7699
-7099
-2680
9630
13641
11632
-1626
-23001
-34704
-23398
-1269
-990
-135
0
0
0
0
0
0
0
0
25059
74228
88723
50878
-11232
-34390
-19892
-14755
-12258
-3279
5705
10078
12660
-5547
-26772
-27880
-14810
-1590
-270
0
0
0
0
0
0
0
0
0
16756
61951
88785
71571
25104
-3939
-1744
-1837
-5127
-4224
2085
4776
3586
-3605
-12884
-7798
-2730
-810
0
0
0
0
0
0
0
0
0
0
7484
42638
77378
83575
62827
39666
27378
21865
22002
13993
8444
5274
4373
9996
3837
-3304
-2983
0
0
0
0
0
0
0
0
0
0
0
1966
21388
52700
72736
75394
69726
58000
39981
29480
21727
15399
10637
9988
14328
9955
1751
-772
0
0
0
0
0
0
0
0
0
0
0
165
5480
24028
49551
67071
69250
60107
45178
38210
33460
20999
11948
8196
4221
547
92
-45
0
0
0
0
0
0
0
0
0
0
0
0
341
3726
14843
34894
52042
52956
39192
29794
28909
21733
7933
-295
-822
0
0
0
0
0
0
0
0
0
0
0
0
0
0
0
0
0
396
4377
13672
24329
26494
18695
10594
6398
3129
411
-135
0
0
0
0
0
0
0
0
0
0
0
0
0
0
0
0
0
0
0
0
0
0
0
0
0
0
0
0
0
0
0
0
0
0
0
0
0
0
0
0
0
0
0
0
0
0
0
0
0
0
0
0
0
0
0
0
0
0
0
0
0
0
0
0
0
0
0
0
0
0
0
0
0
0
0
0
0
0
0
0
0
0
0
0
0
0
0
0
0
0
0
0
0
0
0
0
0
0
0
0
0
0
0
0
0
0
0
0
0
0
0
0
0
0
0
0
0
0
0
0
0
0
0
0
0
0
0
0
0
0
0
-40
-695
-2663
-6872
-11265
-12425
-8410
-3286
-390
0
0
0
0
0
0
0
0
0
0
0
0
0
0
0
0
0
0
0
-439
-6172
-18062
-31805
-40032
-45081
-37677
-19830
-3283
0
0
0
0
0
0
0
0
0
0
0
0
0
0
0
0
0
0
-80
-2196
-14670
-32935
-49293
-58862
-64265
-51516
-32850
-9024
0
0
0
0
0
0
0
0
0
0
0
0
0
0
0
0
0
-440
-2395
-12343
-27977
-39735
-50588
-57644
-53876
-43379
-33938
-15290
-2768
-806
0
0
0
0
0
0
0
0
0
0
0
0
0
0
0
-4253
-13774
-30431
-38619
-43503
-44568
-51307
-50313
-50882
-46824
-33091
-18981
-7897
-650
0
0
0
0
0
0
0
0
0
0
0
0
0
-728
-11939
-29173
-41612
-43540
-52942
-45101
-47455
-57215
-64513
-65381
-57925
-46075
-27006
-6451
0
0
0
0
0
0
0
0
0
0
0
0
-248
-6838
-21660
-34502
-38954
-44586
-46304
-38728
-40913
-47876
-54204
-60477
-60541
-55592
-44458
-23065
-1352
0
0
0
0
0
0
0
0
0
0
-128
-3053
-15834
-25066
-30913
-35076
-41802
-33974
-22988
-14282
-9207
-9826
-23024
-34096
-45040
-49125
-38485
-12306
-1544
-52
0
0
0
0
0
0
0
0
-1088
-10415
-23334
-24856
-32005
-38340
-30167
-14760
2226
16871
27837
28190
9324
-12435
-34062
-52060
-48753
-33445
-11296
-696
0
0
0
0
0
0
0
0
-1718
-13231
-16869
-20933
-26646
-29507
-9095
7604
21461
30804
31849
28115
18780
-4399
-25426
-47208
-53952
-44066
-24890
-2723
0
0
0
0
0
0
0
0
-1270
-7439
-9105
-11339
-10265
-8551
7742
15909
19667
16512
12860
17398
15783
3102
-16318
-31839
-46491
-42402
-29563
-5240
0
0
0
0
0
0
0
0
-182
240
-5254
-2672
1680
-3340
6076
13518
7405
1227
1216
10912
10646
3599
-11746
-28743
-42547
-38773
-29143
-11151
0
0
0
0
0
0
0
0
-3374
-3673
-10021
-6345
-9300
-16450
-10200
6478
518
-110
-438
-327
-2767
-10248
-18034
-33513
-39302
-33331
-23331
-6854
0
0
0
0
0
0
0
0
-7280
-7883
-13539
-15804
-30277
-27397
-19686
-90
-45
-1166
-5007
-16549
-23700
-28330
-30927
-36519
-30463
-22761
-14740
615
0
0
0
0
0
0
0
0
-6832
-6463
-11599
-22389
-36414
-31489
-21628
0
-728
-7177
-21705
-36394
-40447
-44539
-35684
-24100
-18058
-10988
-3787
-413
0
0
0
0
0
0
0
0
-944
-2502
-8193
-20086
-36033
-34822
-28065
-11166
-20527
-33570
-44953
-49595
-51228
-44934
-27921
-17589
-11804
-4003
3903
609
0
0
0
0
0
0
0
0
2841
159
-4684
-20245
-42431
-53053
-58957
-51441
-62488
-73040
-70074
-56955
-50362
-32246
-15864
-13409
-7596
2697
1185
-45
0
0
0
0
0
0
0
0
6264
5315
1168
-19415
-48642
-71962
-82021
-83430
-81472
-75293
-61678
-48839
-34336
-16875
-11632
-9107
-4572
4050
-90
0
0
0
0
0
0
0
0
0
10531
11509
8753
-10361
-34743
-63076
-70646
-71286
-58137
-46917
-37307
-23446
-6420
4337
4247
5714
1341
-270
0
0
0
0
0
0
0
0
0
0
11122
17017
19404
8642
-2743
-16252
-27828
-35152
-33732
-26052
-12488
2486
15358
17591
15445
9741
2529
0
0
0
0
0
0
0
0
0
0
0
5520
17215
25683
29713
28811
21331
11090
1911
-1188
4302
18761
26544
21104
14994
9088
1665
1
0
0
0
0
0
0
0
0
0
0
0
1350
12047
20755
28703
33892
36876
40552
42002
40474
36928
33602
23306
11643
3184
121
19
-15
0
0
0
0
0
0
0
0
0
0
0
0
2790
7847
16852
24281
31725
37222
39972
40250
30114
16143
7372
2758
501
0
0
0
0
0
0
0
0
0
0
0
0
0
0
0
0
0
3240
9522
16527
16990
12427
9212
5026
2125
894
102
-45
0
0
0
0
0
0
0
0
0
0
0
0
0
0
0
0
0
0
0
0
0
0
0
0
0
0
0
0
0
0
0
0
0
0
0
0
0
0
0
0
0
0
0
0
0
0
0
0
0
0
0
0
0
0
0
0
0
0
0
0
0
0
0
0
0
0
0
0
0
0
0
0
0
0
0
0
0
0
0
0
0
0
0
0
0
0
0
0
0
0
0
0
0
0
0
0
0
0
0
0
0
0
0
0
0
0
0
0
0
0
0
0
0
0
0
0
0
0
0
0
0
0
0
0
0
0
0
0
0
0
0
455
7105
15706
17317
15514
20017
20576
10197
1305
0
0
0
0
0
0
0
0
0
0
0
0
0
0
0
0
0
0
0
1878
15968
24632
30473
41470
46763
37162
19954
4986
0
0
0
0
0
0
0
0
0
0
0
0
0
0
0
0
0
0
910
10647
27519
35444
54245
60610
44192
28601
13747
4376
0
0
0
0
0
0
0
0
0
0
0
0
0
0
0
0
0
5005
12205
23122
41859
63626
83916
67052
29455
14019
2334
6540
7612
2697
0
0
0
0
0
0
0
0
0
0
0
0
0
0
0
14106
23436
34855
58469
79077
73782
41886
9473
6545
4946
20721
25834
12695
2175
0
0
0
0
0
0
0
0
0
0
0
0
0
8281
26056
31758
55102
78323
74937
52245
23031
8975
11199
18662
32415
33477
24807
11587
0
0
0
0
0
0
0
0
0
0
0
0
2821
16114
33748
48096
70361
77051
42532
18309
4344
1312
4243
10182
15435
22733
23138
16313
4524
0
0
0
0
0
0
0
0
0
0
1456
12849
28681
39327
62949
71918
45954
5348
-8181
-17842
-28608
-22074
-10054
-7497
6919
12878
14803
17107
5060
174
0
0
0
0
0
0
0
0
2406
19746
36066
47035
66658
49543
9057
-18149
-35749
-55313
-61497
-42290
-19844
-11044
-3655
2192
11728
26125
14071
1529
0
0
0
0
0
0
0
0
3478
26853
35331
46646
45787
16464
-14417
-44552
-68299
-73534
-63716
-33160
-11648
3201
-1364
-11068
4697
19901
11445
1696
0
0
0
0
0
0
0
0
4288
30063
37983
32147
21758
-10353
-43508
-69684
-67946
-48871
-32376
-10125
11942
18227
15973
-1746
1148
4126
3152
5537
0
0
0
0
0
0
0
0
8162
28158
34666
21331
8620
-32522
-61267
-64278
-39744
-16447
-6702
1424
22120
23904
27717
10188
-9629
-8014
-10790
-556
0
0
0
0
0
0
0
0
13998
29511
37629
21774
7321
-33976
-50281
-32730
-10221
120
3381
13308
27629
36197
45443
27206
-12133
-18670
-25588
-10300
0
0
0
0
0
0
0
0
18994
29951
41564
22443
2927
-28698
-35082
-9235
-1185
7032
16865
28055
41637
61355
58418
23124
-14332
-32471
-38114
-13150
0
0
0
0
0
0
0
0
23548
32555
41871
25066
-4749
-19668
-24829
0
8281
19172
26048
46674
68944
74572
46845
460
-30730
-51387
-45379
-10197
0
0
0
0
0
0
0
0
22205
33341
37012
21852
-8026
-6641
-3141
25950
37837
51177
63482
77793
82057
52592
12244
-14035
-45990
-54595
-29953
-3248
0
0
0
0
0
0
0
0
15188
29529
33238
23496
-800
7459
17852
58833
72854
80572
89010
84368
60574
17665
-14104
-35096
-57933
-46504
-14230
-1185
0
0
0
0
0
0
0
0
8974
26506
29336
20814
-272
20374
41626
79361
83290
74633
66426
46153
13101
-16806
-36897
-56984
-54034
-22790
-2370
0
0
0
0
0
0
0
0
0
2451
17108
15501
18354
2918
18233
47240
72422
62740
41963
21381
3604
-19748
-49088
-65731
-64406
-41354
-7110
0
0
0
0
0
0
0
0
0
0
-3108
6784
3172
4149
-5107
-7952
5350
7934
5179
-8802
-24231
-38898
-55788
-65592
-65813
-42929
-19745
0
0
0
0
0
0
0
0
0
0
0
-2659
-1055
10
-6347
-20510
-37247
-38547
-38500
-35169
-46882
-58976
-68451
-72812
-58449
-40316
-18811
-6402
0
0
0
0
0
0
0
0
0
0
0
-885
-5767
-6678
-11126
-18495
-30330
-39761
-53016
-60145
-69283
-70157
-61158
-51823
-27326
-9374
-1788
-395
0
0
0
0
0
0
0
0
0
0
0
0
-1829
-4840
-10074
-13632
-21067
-31821
-47984
-58185
-56635
-45837
-32386
-20083
-6092
0
0
0
0
0
0
0
0
0
0
0
0
0
0
0
0
0
-2124
-5889
-12334
-18472
-25333
-28339
-22215
-13356
-7274
-4179
-1185
0
0
0
0
0
0
0
0
0
0
0
0
0
0
0
0
0
0
0
0
0
0
0
0
0
0
0
0
0
0
0
0
0
0
0
0
0
0
0
0
0
0
0
0
0
0
0
0
0
0
0
0
0
0
0
0
0
0
0
0
0
0
0
0
0
0
0
0
0
0
0
0
0
0
0
0
0
0
0
0
0
0
0
0
0
0
0
0
0
0
0
0
0
0
0
0
0
0
0
0
0
0
0
0
0
0
0
0
0
0
0
0
0
0
0
0
0
0
0
0
0
0
0
0
0
0
0
0
0
0
0
220
3935
15649
29376
31563
19567
6638
892
30
0
0
0
0
0
0
0
0
0
0
0
0
0
0
0
0
0
0
0
782
7676
24066
41508
47669
34319
12939
959
-209
0
0
0
0
0
0
0
0
0
0
0
0
0
0
0
0
0
0
440
5021
10685
15026
26500
43733
41950
21793
1451
-1172
0
0
0
0
0
0
0
0
0
0
0
0
0
0
0
0
0
2420
11145
21419
13250
5785
10302
34420
46722
40953
17978
4807
1534
62
0
0
0
0
0
0
0
0
0
0
0
0
0
0
0
5434
20702
26114
10701
956
3298
25246
47156
52621
40525
22874
7882
719
50
0
0
0
0
0
0
0
0
0
0
0
0
0
4004
11118
17132
14838
10445
2344
5883
17517
32641
45282
49316
44939
23936
4047
-273
0
0
0
0
0
0
0
0
0
0
0
0
1364
8595
4634
4390
4264
8759
4434
-4505
-12490
-10400
2294
29553
50104
43044
13879
-279
104
0
0
0
0
0
0
0
0
0
0
704
7030
12434
1607
367
3269
2202
-9434
-25029
-36350
-40854
-33370
-3907
38435
56867
40263
10332
1958
204
4
0
0
0
0
0
0
0
0
760
4429
1207
-37
-2095
-3070
-17719
-30460
-29362
-29059
-37821
-46079
-37714
11188
47983
54471
29817
6419
-92
-8
0
0
0
0
0
0
0
0
-924
-9027
-13634
-6420
-1729
-15767
-27729
-24152
-15851
-12511
-22484
-43603
-51390
-23378
26092
45540
36355
13248
-1615
-345
0
0
0
0
0
0
0
0
-2798
-20547
-21773
-13629
-8596
-16091
-16671
-11011
-8547
-6202
-10115
-27733
-40979
-32929
2364
37201
43910
27143
2786
-346
0
0
0
0
0
0
0
0
-1198
-18305
-20362
-9703
2302
-4657
-7007
-5457
-5927
-5794
-3285
-9127
-23384
-22167
-8428
26089
32280
21099
920
-1666
0
0
0
0
0
0
0
0
310
-13550
-13921
6405
21585
6037
-6589
-4932
-3735
40
2634
5189
-4718
-9333
-4948
15378
22937
15170
963
-1620
0
0
0
0
0
0
0
0
-5226
-17821
-12092
22545
29373
13175
-8908
-4345
-600
3148
14662
22471
9015
-1968
-5348
4411
13589
7426
-2181
212
0
0
0
0
0
0
0
0
-14624
-23275
-13640
30438
34457
13687
-6665
0
4004
15203
26217
21814
8566
-1103
-4736
3358
4860
4380
-4910
-3156
0
0
0
0
0
0
0
0
-20092
-26854
-14383
32601
39366
27562
19231
36498
41340
34221
24492
11469
6891
1213
-2960
2284
1198
-2658
-3196
-425
0
0
0
0
0
0
0
0
-23566
-35219
-20645
33019
53196
51642
38457
48627
41752
22728
9402
7130
2290
816
4237
1763
-128
-5665
-4435
-600
0
0
0
0
0
0
0
0
-25369
-41481
-29576
24561
47346
41716
24802
27286
23670
15436
3616
-3564
-16663
-14451
-215
2857
-4894
-3560
-1200
0
0
0
0
0
0
0
0
0
-20486
-42767
-46354
-11471
15804
15595
12864
13498
13247
7661
-4767
-23046
-33245
-14873
-1750
3001
-5836
-3600
0
0
0
0
0
0
0
0
0
0
-10669
-37167
-52130
-48684
-28493
-15071
-5380
-3944
-15071
-25627
-28944
-27376
-22080
-8741
-2937
-2846
-3854
0
0
0
0
0
0
0
0
0
0
0
-3240
-21947
-37448
-51080
-53405
-49240
-41364
-39785
-42472
-38168
-24117
-10028
-10527
-7015
-5776
-6200
-2835
0
0
0
0
0
0
0
0
0
0
0
-450
-7304
-17266
-30140
-43763
-56043
-50333
-37300
-30584
-23858
-14244
-4674
-3649
-6236
-4151
-795
-200
0
0
0
0
0
0
0
0
0
0
0
0
-930
-3432
-10506
-20315
-29571
-30087
-23874
-18384
-13451
-8983
-6370
-5077
-1865
0
0
0
0
0
0
0
0
0
0
0
0
0
0
0
0
0
-1080
-4122
-7404
-8658
-8103
-8905
-8940
-4875
-2228
-1785
-600
0
0
0
0
0
0
0
0
0
0
0
0
0
0
0
0
0
0
0
0
0
0
0
0
0
0
0
0
0
0
0
0
0
0
0
0
0
0
0
0
0
0
0
0
0
0
0
0
0
0
0
0
0
0
0
0
0
0
0
0
0
0
0
0
0
0
0
0
0
0
0
0
0
0
0
0
0
0
0
0
0
0
0
0
0
0
0
0
0
0
0
0
0
0
0
0
0
0
0
0
0
0
0
0
0
0
0
0
0
0
0
0
0
0
0
0
0
0
0
0
0
0
0
0
0
0
0
0
0
0
0
195
3330
11194
17480
17882
12658
7127
1790
150
0
0
0
0
0
0
0
0
0
0
0
0
0
0
0
0
0
0
0
607
5018
15309
27248
42693
41116
27222
9564
1100
0
0
0
0
0
0
0
0
0
0
0
0
0
0
0
0
0
0
390
4105
8169
11665
21346
42263
54579
49672
25240
3954
0
0
0
0
0
0
0
0
0
0
0
0
0
0
0
0
0
2145
7970
12182
10926
3660
1196
13868
36529
48792
38014
12395
2152
310
0
0
0
0
0
0
0
0
0
0
0
0
0
0
0
3869
14116
18039
20071
13467
5280
6752
24238
44617
51440
31829
13581
3578
250
0
0
0
0
0
0
0
0
0
0
0
0
0
3549
7895
11844
13491
21055
17776
6795
6683
16656
38508
61003
59445
38779
17756
2210
0
0
0
0
0
0
0
0
0
0
0
0
1209
5072
6337
3426
4770
9226
11253
-2229
-9838
-10856
2868
30655
55202
59600
41866
11092
520
0
0
0
0
0
0
0
0
0
0
624
5192
10071
5339
2564
1950
-1354
-3842
-14904
-25323
-38538
-40809
-22560
12354
49812
59151
33322
6180
664
20
0
0
0
0
0
0
0
0
398
3353
4874
3258
3808
-5993
-12774
-18411
-24248
-29094
-40245
-53903
-56671
-33063
16293
54815
54597
24453
4490
246
0
0
0
0
0
0
0
0
-232
-2938
-3239
-5498
-1848
-8693
-18314
-24071
-24883
-19811
-19748
-35059
-48944
-49498
-18259
32082
53249
44876
14206
1004
0
0
0
0
0
0
0
0
-1378
-9874
-14658
-23697
-19408
-10366
-17065
-18609
-18983
-14802
-6538
-12377
-26972
-43195
-41041
3262
37173
46679
26584
3128
0
0
0
0
0
0
0
0
916
-4350
-13314
-23193
-20876
-4151
-10168
-9665
-8736
-6979
-1887
494
-7136
-21817
-35057
-15994
14750
34584
29685
5370
0
0
0
0
0
0
0
0
1460
122
-8556
-10482
-5594
10112
-3506
-7661
-2826
100
2019
6133
5478
-4293
-13582
-9570
6461
22387
23156
8555
0
0
0
0
0
0
0
0
-1186
-2192
-8522
2895
9496
24022
11862
-3770
-435
2618
10338
14384
13488
6449
-4394
-10005
300
10314
10781
4299
0
0
0
0
0
0
0
0
-6076
-9684
-16595
-2060
13588
27163
18096
0
3549
9923
14978
19380
19710
12965
-811
-4026
-834
2885
6825
-424
0
0
0
0
0
0
0
0
-7283
-12997
-23010
-7084
17810
36150
35631
22026
24884
24637
21875
19749
17670
11798
-1490
-3264
-5710
-4703
464
-13
0
0
0
0
0
0
0
0
-8419
-16984
-26491
-9141
27169
48462
51326
40917
47208
40886
25364
16559
9609
2986
1518
1250
-2185
-1689
-3245
-435
0
0
0
0
0
0
0
0
-9048
-21939
-32465
-20896
20955
47821
56584
43479
41469
40436
27425
7990
-5915
-10677
-6702
-634
-877
-2050
-870
0
0
0
0
0
0
0
0
0
-6960
-24094
-42660
-43940
-8440
17987
28781
18852
11967
12024
2223
-10223
-22338
-21815
-16267
-4437
2239
-2610
0
0
0
0
0
0
0
0
0
0
-1582
-15700
-40402
-64630
-55250
-22354
-1809
-106
-8493
-14223
-19068
-22593
-26851
-27616
-22630
-11999
-848
0
0
0
0
0
0
0
0
0
0
0
395
-6753
-24095
-51290
-70597
-64793
-48468
-33515
-31019
-33553
-32306
-20753
-14877
-16710
-12526
-7790
-1957
0
0
0
0
0
0
0
0
0
0
0
375
933
-4254
-21343
-45539
-64802
-69856
-58973
-47205
-38489
-33231
-23368
-9867
-6197
-3877
-783
-145
0
0
0
0
0
0
0
0
0
0
0
0
775
2054
354
-9383
-26746
-42223
-44884
-36720
-25833
-21231
-16887
-7001
-1057
0
0
0
0
0
0
0
0
0
0
0
0
0
0
0
0
0
900
2499
2720
-1684
-8566
-11396
-9069
-5577
-3598
-1914
-435
0
0
0
0
0
0
0
0
0
0
0
0
0
0
0
0
0
0
0
0
0
0
0
0
0
0
0
0
0
0
0
0
0
0
0
0
0
0
0
0
0
0
0
0
0
0
0
0
0
0
0
0
0
0
0
0
0
0
0
0
0
0
0
0
0
0
0
0
0
0
0
0
0
0
0
0
0
0
0
0
0
0
0
0
0
0
0
0
0
0
0
0
0
0
0
0
0
0
0
0
0
0
0
0
0
0
0
0
0
0
0
0
0
0
0
0
0
0
0
0
0
0
0
0
0
0
0
0
0
0
0
-50
-600
1070
4180
8441
13283
14436
8609
1185
0
0
0
0
0
0
0
0
0
0
0
0
0
0
0
0
0
0
0
-355
-3735
-7817
-11164
668
21593
25994
18933
5132
0
0
0
0
0
0
0
0
0
0
0
0
0
0
0
0
0
0
-100
-1410
-5810
-18804
-27595
-8987
24781
42251
32010
8936
0
0
0
0
0
0
0
0
0
0
0
0
0
0
0
0
0
-550
350
-2390
-14702
-32895
-46081
-13498
33944
61985
50088
18966
5568
2449
0
0
0
0
0
0
0
0
0
0
0
0
0
0
0
-3185
-5395
-13502
-30026
-49140
-56776
-11366
39265
71389
61706
32833
19103
11693
1975
0
0
0
0
0
0
0
0
0
0
0
0
0
-910
-4050
-16704
-33012
-41488
-47707
-36988
-1975
25624
54413
50724
38601
34206
25740
11529
0
0
0
0
0
0
0
0
0
0
0
0
-310
-3355
-14789
-34856
-56795
-45981
-29856
-14388
-1809
11520
22913
19191
23976
44719
41784
22347
4108
0
0
0
0
0
0
0
0
0
0
-160
-1755
-5694
-27932
-57564
-63127
-29819
-9367
-2677
1561
1598
-6397
-8795
7918
42025
60027
39059
15219
4508
158
0
0
0
0
0
0
0
0
-740
-6635
-20846
-48554
-71288
-48405
-11619
-343
4386
7266
2423
-17953
-34973
-20481
20367
61219
52648
29365
14169
1469
0
0
0
0
0
0
0
0
-1130
-11665
-37923
-71497
-66935
-18981
4539
12599
16476
22217
10234
-17679
-48377
-54340
-11287
43134
53553
45291
24306
2602
0
0
0
0
0
0
0
0
-2066
-19757
-53413
-81383
-50979
4626
21251
27131
29321
26761
9222
-16988
-48369
-68482
-40387
12741
55033
62955
39491
9313
0
0
0
0
0
0
0
0
-3466
-24672
-64112
-79696
-21746
31959
47375
36327
23190
11641
1411
-11394
-38413
-67516
-63184
-12898
45915
74559
47313
9562
0
0
0
0
0
0
0
0
-5762
-28365
-66644
-73582
1457
62352
62780
24185
4583
120
-10
-5702
-27374
-61112
-71944
-19753
41612
78093
52623
11749
0
0
0
0
0
0
0
0
-8132
-35029
-73598
-62227
25829
83109
54673
4105
330
-1070
-975
-5939
-26794
-54212
-63525
-17898
39703
73584
47380
9723
0
0
0
0
0
0
0
0
-11804
-42687
-82385
-49034
44897
89524
42647
0
-910
-1090
-7939
-18372
-32798
-53793
-44061
2449
45279
70454
39168
4625
0
0
0
0
0
0
0
0
-16438
-51713
-88279
-38331
49974
90012
46952
8700
8973
5734
-7100
-28057
-41569
-42659
-17948
26381
59349
57692
18939
1619
0
0
0
0
0
0
0
0
-17767
-57360
-91163
-38030
44285
85706
38482
3972
3588
-2362
-24654
-39929
-36961
-19635
14446
45706
62927
37562
6925
330
0
0
0
0
0
0
0
0
-15522
-54304
-90130
-45146
23839
65466
24855
-5596
-6843
-11996
-32144
-34062
-20274
-252
27321
57733
52453
13700
660
0
0
0
0
0
0
0
0
0
-12933
-46760
-84596
-56742
-2924
27019
-763
-15035
-12218
-13813
-20071
-8515
-456
10380
34693
56574
31815
1980
0
0
0
0
0
0
0
0
0
0
-8668
-34236
-65786
-65497
-36742
-17272
-28227
-26906
-14526
-7969
-4602
2319
11370
24653
39533
39190
9301
0
0
0
0
0
0
0
0
0
0
0
-3528
-20339
-44853
-58175
-47354
-43198
-37112
-25126
-15682
-9804
-3223
14585
26676
28748
24272
13987
2021
0
0
0
0
0
0
0
0
0
0
0
-720
-8816
-25678
-40324
-36902
-39405
-34189
-23229
-8505
2485
9055
26135
31508
18924
3982
1009
110
0
0
0
0
0
0
0
0
0
0
0
0
-1488
-6632
-16967
-27010
-34262
-28597
-15760
1139
9186
13159
21661
14156
2411
0
0
0
0
0
0
0
0
0
0
0
0
0
0
0
0
0
-1728
-7920
-16812
-16819
-4908
8207
7493
3013
4607
2697
330
0
0
0
0
0
0
0
0
0
0
0
0
0
0
0
0
0
0
0
0
0
0
0
0
0
0
0
0
0
0
0
0
0
0
0
0
0
0
0
0
0
0
0
0
0
0
0
0
0
0
0
0
0
0
0
0
0
0
0
0
0
0
0
0
0
0
0
0
0
0
0
0
0
0
0
0
0
0
0
0
0
0
0
0
0
0
0
0
0
0
0
0
0
0
0
0
0
0
0
0
0
0
0
0
0
0
0
0
0
0
0
0
0
0
0
0
0
0
0
0
0
0
0
0
0
0
0
0
0
0
0
-215
-3545
-10698
-19822
-22470
-16674
-6791
-1453
-120
0
0
0
0
0
0
0
0
0
0
0
0
0
0
0
0
0
0
0
-1334
-15147
-32650
-45228
-39683
-28706
-14286
-3146
-334
0
0
0
0
0
0
0
0
0
0
0
0
0
0
0
0
0
0
-430
-6720
-25094
-38444
-46371
-38613
-23933
-14475
-6140
-496
0
0
0
0
0
0
0
0
0
0
0
0
0
0
0
0
0
-2365
-8725
-26976
-29614
-25144
-22328
-15330
-9547
-6168
-8622
-6475
-1765
-248
0
0
0
0
0
0
0
0
0
0
0
0
0
0
0
-11578
-26199
-39420
-26322
-9620
2414
-4482
-18326
-24340
-23953
-20034
-8767
-1769
-200
0
0
0
0
0
0
0
0
0
0
0
0
0
-3913
-23747
-37101
-31520
-14444
-101
11346
-2253
-22174
-33941
-36146
-30843
-21897
-7347
-858
0
0
0
0
0
0
0
0
0
0
0
0
-1333
-16906
-22897
-25623
-14442
4653
13398
21377
19060
7845
-6086
-24944
-22854
-20825
-15130
-3130
-416
0
0
0
0
0
0
0
0
0
0
-688
-9441
-25225
-19942
-11179
1622
14844
30420
44376
52773
50466
32107
5895
-13210
-16558
-17827
-14920
-3256
-534
-16
0
0
0
0
0
0
0
0
-2566
-19181
-19397
-11319
-1138
20441
35862
53908
60966
61621
60484
46728
29135
-4113
-20659
-18018
-20532
-10431
-1457
-124
0
0
0
0
0
0
0
0
-2310
-13756
-6507
250
16108
38993
55833
55716
48133
38070
35055
38787
30264
7152
-16550
-19785
-14446
-10291
-2876
-86
0
0
0
0
0
0
0
0
-218
683
5185
15358
40113
52788
52911
37053
20232
11232
9300
27081
28041
15961
-2700
-11282
-9601
-6141
-4573
-922
0
0
0
0
0
0
0
0
-984
5914
6786
26303
37894
37684
30519
12904
1691
-2115
650
12689
17822
12542
2617
-7795
-4025
3028
-306
533
0
0
0
0
0
0
0
0
-8290
2200
2493
17017
21939
17277
8248
1720
-215
-480
-1973
-7448
-3238
-568
1654
2882
2042
5618
3908
-1606
0
0
0
0
0
0
0
0
-10986
1197
3184
3525
4508
6501
-2148
-950
-75
-4216
-13895
-30009
-21991
-8429
7888
18966
15700
12218
7898
2597
0
0
0
0
0
0
0
0
-3242
5256
6542
1923
-1033
3465
495
0
-3913
-18318
-37279
-37127
-21338
-2561
26683
26992
22080
14461
813
-171
0
0
0
0
0
0
0
0
5493
10475
8975
1731
-3877
-7213
-17226
-26262
-41003
-44866
-44208
-28703
-7156
13418
36043
30686
19880
9959
3600
470
0
0
0
0
0
0
0
0
10548
15730
14785
-4974
-18759
-37320
-51503
-55392
-55551
-43933
-26528
-7123
7754
34342
33612
25197
14857
485
85
-75
0
0
0
0
0
0
0
0
18277
21269
21019
-9452
-30665
-39879
-49402
-48518
-33292
-19988
-3723
15768
34060
44558
32254
18984
6012
1880
-150
0
0
0
0
0
0
0
0
0
22051
28350
30315
9352
-9428
-14215
-13482
-12333
1693
15951
30090
48764
60242
44877
28062
12670
-531
-450
0
0
0
0
0
0
0
0
0
0
15846
35238
41780
33389
30911
24400
23225
24741
27680
41771
54451
59226
56288
32505
15027
6125
1941
0
0
0
0
0
0
0
0
0
0
0
6161
29012
44347
49677
52485
51743
53655
57196
59736
61329
59455
45895
29400
14012
2284
-1766
-180
0
0
0
0
0
0
0
0
0
0
0
1140
13457
27013
41528
48707
57513
65830
68295
67111
52274
36376
22855
7996
-1207
-875
-235
-25
0
0
0
0
0
0
0
0
0
0
0
0
2356
7008
18491
30218
39997
41139
38936
38886
26680
9798
1687
372
290
0
0
0
0
0
0
0
0
0
0
0
0
0
0
0
0
0
2736
8484
14780
13783
6967
2177
542
56
-940
-630
-75
0
0
0
0
0
0
0
0
0
0
0
0
0
0
0
0
0
0
0
0
0
0
0
0
0
0
0
0
0
0
0
0
0
0
0
0
0
0
0
0
0
0
0
0
0
0
0
0
0
0
0
0
0
0
0
0
0
0
0
0
0
0
0
0
0
