0
0
0
0
0
0
0
0
0
0
0
0
0
0
0
0
0
0
0
0
0
0
0
0
0
0
0
0
0
0
0
0
0
0
0
0
-2088
-5654
-8284
-9637
-12334
-10932
-5529
-548
1493
1663
230
0
0
0
0
0
0
0
0
0
0
0
0
0
0
0
0
-3024
-13900
-21096
-17482
-15631
-16157
-7590
-412
3856
6369
4951
45
75
0
0
0
0
0
0
0
0
0
0
0
0
0
0
-3024
-15876
-30112
-20450
-2853
1206
4668
10793
5202
5953
9272
4369
-1613
5
0
0
0
0
0
0
0
0
0
0
0
0
0
-936
-12418
-29917
-21103
14385
30541
31045
24291
8843
-9541
-5004
3343
-441
-5669
-1785
0
0
0
0
0
0
0
0
0
0
0
0
0
-3344
-21824
-22820
15162
47231
38703
16963
-3462
-26232
-33302
-10338
6746
-1259
-12420
-6071
0
0
0
0
0
0
0
0
0
0
0
0
0
-4318
-13755
7729
42461
43534
5316
-21269
-32574
-42727
-31433
5622
15865
-6100
-19464
-9279
0
0
0
0
0
0
0
0
0
0
0
0
0
-1232
2740
24035
32748
5776
-31527
-35042
-38060
-33460
-2800
29878
18657
-14034
-22549
-7808
0
0
0
0
0
0
0
0
0
0
0
0
0
1722
8990
15407
2237
-20683
-28277
-24437
-29817
-11838
25166
37963
8031
-21711
-22380
-4490
0
0
0
0
0
0
0
0
0
0
0
0
0
684
2441
233
-8865
-11438
-10864
-23387
-23258
11495
38977
31878
-8137
-29029
-18922
-2705
0
0
0
0
0
0
0
0
0
0
0
0
0
0
270
42
-1017
-4185
-16859
-28351
-2755
34521
42416
10179
-28661
-29325
-10598
-402
0
0
0
0
0
0
0
0
0
0
0
0
0
0
0
0
-432
-11608
-26633
-15811
24366
44375
25748
-19867
-34738
-18262
-2543
-5
0
0
0
0
0
0
0
0
0
0
0
0
0
0
0
0
-4476
-24553
-25557
10369
43410
35306
-4884
-35754
-24218
-6739
-31
0
0
0
0
0
0
0
0
0
0
0
0
0
0
0
0
-1404
-14949
-28847
-3660
35127
43863
7791
-30559
-30790
-9523
-516
0
0
0
0
0
0
0
0
0
0
0
0
0
0
0
0
-324
-7095
-26595
-19198
20715
41455
24066
-18310
-33510
-16851
-1517
-6
0
0
0
0
0
0
0
0
0
0
0
0
0
0
0
0
-3096
-18567
-27035
3978
37014
36715
-978
-31877
-25193
-6172
-17
0
0
0
0
0
0
0
0
0
0
0
0
0
0
0
0
0
-10051
-27499
-13867
26784
41251
19372
-22065
-31664
-13926
-514
0
0
0
0
0
0
0
0
0
0
0
0
0
0
0
0
0
0
-17276
-23457
5517
38563
31428
-6976
-35068
-23057
-6422
-64
204
-372
-994
-1452
-3742
-7281
-8596
-6888
-4037
209
2284
505
0
0
0
0
0
0
-18335
-12072
13885
29541
-2464
-38972
-43027
-21010
-9508
-5600
-4801
-9264
-12825
-13553
-16405
-17867
-13097
-9172
-2730
6049
6418
1223
0
0
0
0
0
0
-14078
-4413
10680
10127
-28469
-40153
-29199
-10909
-5458
-3352
-8155
-16339
-15747
-10611
-10420
-5444
5050
7653
13408
17633
8417
-1655
0
0
0
0
0
0
-7108
4045
12993
4602
-19624
-14265
-6664
-902
1425
1486
-1801
-2076
7040
16220
19914
24267
26078
20053
14639
9052
-4030
-12184
0
0
0
0
0
0
1539
11927
14952
11742
2091
3551
3272
3744
6925
8743
10868
13455
19925
22333
17331
10876
5339
-2701
-8036
-14042
-19280
-16488
0
0
0
0
0
0
5103
10541
9896
8314
58
-7625
-8594
-2833
2026
3782
1624
-2946
-3800
-5933
-12930
-16963
-18997
-19965
-19668
-19630
-15631
-7900
0
0
0
0
0
0
1566
3519
3456
-1773
-6523
-10320
-6937
-2941
-4497
-10279
-18693
-19935
-18337
-18365
-18721
-16761
-12671
-8525
-6257
-5702
-3562
-898
0
0
0
0
0
0
0
1062
626
-3107
-5003
-4726
-4130
-5860
-9229
-11423
-11362
-8147
-6407
-5910
-3151
-661
-20
0
0
0
0
0
0
0
0
0
0
0
0
0
0
0
0
0
0
0
0
0
0
0
0
0
0
0
0
0
0
0
0
0
0
0
0
0
0
0
0
0
0
0
0
0
0
0
0
0
0
0
0
0
0
0
0
0
0
0
0
0
0
0
0
0
0
0
0
0
0
0
0
0
0
0
0
0
0
0
0
0
0
0
0
0
0
0
0
0
0
0
0
0
0
0
0
0
0
0
0
0
0
0
0
0
0
0
0
0
0
0
0
0
0
0
0
0
0
0
0
0
0
0
0
0
3712
3794
4384
3985
-1620
-7091
-12888
-18535
-15310
-8721
-3910
0
0
0
0
0
0
0
0
0
0
0
0
0
0
0
0
5376
12104
13972
8702
-1443
-11478
-19450
-31869
-46023
-43189
-29975
-15872
-1275
0
0
0
0
0
0
0
0
0
0
0
0
0
0
5376
14028
24848
23772
4489
-14593
-18166
-21883
-30440
-46579
-57752
-49920
-30518
-7090
0
0
0
0
0
0
0
0
0
0
0
0
0
1664
14138
27879
38013
23784
-5660
-15665
-6805
8275
4093
-21650
-55246
-62806
-41387
-14207
0
0
0
0
0
0
0
0
0
0
0
0
0
4356
25434
45198
43129
18543
-9223
-2936
24717
61993
70213
27025
-37289
-67863
-46952
-14029
0
0
0
0
0
0
0
0
0
0
0
0
0
4970
32163
54892
45735
18862
3565
13771
42931
72537
89382
47966
-29593
-65552
-47416
-10702
0
0
0
0
0
0
0
0
0
0
0
0
0
5494
29767
54208
47341
22062
9276
19410
41531
67267
80121
36990
-31841
-56865
-39427
-7736
0
0
0
0
0
0
0
0
0
0
0
0
0
3706
20824
42282
39568
21422
10263
14958
33575
55238
48371
2735
-41472
-48310
-24844
-3089
0
0
0
0
0
0
0
0
0
0
0
0
0
418
6335
19866
27016
17744
11369
23162
45613
54928
29606
-14356
-41902
-37182
-12116
-1194
0
0
0
0
0
0
0
0
0
0
0
0
0
0
165
1524
2535
7375
15804
37351
49587
35325
3739
-24939
-30770
-16244
-3207
-403
0
0
0
0
0
0
0
0
0
0
0
0
0
0
0
0
768
13964
29855
48614
42683
8797
-18852
-27852
-14963
-3500
-1359
-45
0
0
0
0
0
0
0
0
0
0
0
0
0
0
0
0
7224
24341
44451
47563
22989
-11100
-26516
-22301
-4672
-1376
-279
0
0
0
0
0
0
0
0
0
0
0
0
0
0
0
0
2496
16141
40071
55222
34603
-9018
-31058
-27144
-9283
-373
-786
0
0
0
0
0
0
0
0
0
0
0
0
0
0
0
0
576
9259
28091
51146
53360
19182
-21141
-36297
-23420
-3455
-808
-54
0
0
0
0
0
0
0
0
0
0
0
0
0
0
0
0
4954
18959
43208
55318
33589
-8378
-32083
-32052
-13818
-2025
-153
0
0
0
0
0
0
0
0
0
0
0
0
0
0
0
0
0
13641
32963
53948
47295
10657
-24112
-34961
-17704
-3380
-768
0
0
0
0
0
0
0
0
0
0
0
0
0
0
0
0
0
0
23483
49649
63066
35363
-14361
-33390
-33757
-9815
-3778
-1570
-1262
-318
410
870
3916
2945
1682
-2033
-11224
-11310
-10173
-6460
0
0
0
0
0
0
33533
64919
70849
32687
-24967
-35713
-28804
-14469
-16658
-17152
-15357
-8844
-3402
-3192
-2721
-4797
-7708
-13774
-30307
-37776
-34049
-23522
0
0
0
0
0
0
36933
77552
80313
38211
-20668
-35430
-31779
-28272
-30968
-34824
-32667
-23274
-14239
-15057
-15527
-19367
-23329
-27180
-39273
-49946
-45584
-30453
0
0
0
0
0
0
29254
77053
85486
54374
4234
-19661
-17554
-14478
-20090
-32852
-35964
-25664
-19062
-16762
-12715
-7927
-7548
-9424
-20338
-35486
-35380
-20500
0
0
0
0
0
0
19745
60922
78257
65758
40711
20479
18152
19893
12555
-4471
-15091
-6431
2999
7396
8818
15319
23885
28482
22474
1075
-14523
-11108
0
0
0
0
0
0
9194
39669
63148
62051
52235
50994
56255
58903
55287
43200
30683
29266
35006
38095
40398
40339
36359
34033
33062
22665
6914
-1215
0
0
0
0
0
0
957
14961
35552
44360
41828
41976
48396
53448
52041
44459
36248
34409
33751
29031
26761
28684
26845
20476
15323
11242
5456
850
0
0
0
0
0
0
0
649
6276
13074
16189
15998
18543
25092
30986
32356
27138
20130
15486
11028
4680
431
-180
0
0
0
0
0
0
0
0
0
0
0
0
0
0
0
0
0
0
0
0
0
0
0
0
0
0
0
0
0
0
0
0
0
0
0
0
0
0
0
0
0
0
0
0
0
0
0
0
0
0
0
0
0
0
0
0
0
0
0
0
0
0
0
0
0
0
0
0
0
0
0
0
0
0
0
0
0
0
0
0
0
0
0
0
0
0
0
0
0
0
0
0
0
0
0
0
0
0
0
0
0
0
0
0
0
0
0
0
0
0
0
0
0
0
0
0
0
0
0
0
0
0
0
0
0
-464
-1598
-4526
-8035
-11575
-14207
-15433
-13214
-8718
-3974
-1196
0
0
0
0
0
0
0
0
0
0
0
0
0
0
0
0
-672
-6026
-15622
-26991
-41038
-54880
-57399
-58167
-53723
-40443
-22565
-9336
-390
0
0
0
0
0
0
0
0
0
0
0
0
0
0
-672
-7560
-23360
-39732
-56286
-73821
-82687
-80432
-78572
-72150
-60723
-43850
-24004
-3491
0
0
0
0
0
0
0
0
0
0
0
0
0
-208
-6450
-21505
-37756
-52415
-63520
-59818
-48412
-43694
-43205
-43803
-47815
-46709
-32806
-10482
0
0
0
0
0
0
0
0
0
0
0
0
0
-1838
-13891
-27618
-32744
-32950
-27319
-2148
17367
18800
2236
-15469
-27691
-37445
-30024
-12783
0
0
0
0
0
0
0
0
0
0
0
0
0
-3074
-12483
-11534
-2313
6316
9500
24547
33593
25798
6866
-13031
-25273
-31830
-23327
-6527
0
0
0
0
0
0
0
0
0
0
0
0
0
-384
6919
17292
29133
33953
27921
21056
11115
-3864
-14642
-22552
-34291
-29019
-19978
-3249
0
0
0
0
0
0
0
0
0
0
0
0
0
3556
17626
28075
32570
26072
16607
1493
-17519
-22487
-24910
-26317
-29233
-21842
-13976
-1389
0
0
0
0
0
0
0
0
0
0
0
0
0
3420
13516
17512
11809
6925
-117
-14166
-22891
-26149
-25753
-27525
-19799
-11735
-2684
1007
0
0
0
0
0
0
0
0
0
0
0
0
0
0
1350
1515
918
-197
-7567
-22992
-26469
-25117
-18005
-17122
-9946
-3043
2805
124
0
0
0
0
0
0
0
0
0
0
0
0
0
0
0
0
-96
-6356
-19000
-27503
-28386
-24334
-11477
-7739
-1238
2753
1137
-15
0
0
0
0
0
0
0
0
0
0
0
0
0
0
0
0
-1500
-13580
-26199
-28355
-24486
-20774
-11761
-4128
4649
2891
-93
0
0
0
0
0
0
0
0
0
0
0
0
0
0
0
0
-312
-7958
-21815
-28607
-27347
-21273
-13441
-8851
-2420
3393
48
0
0
0
0
0
0
0
0
0
0
0
0
0
0
0
0
-72
-3272
-16581
-22735
-25385
-21412
-20874
-13444
-5760
1916
595
-18
0
0
0
0
0
0
0
0
0
0
0
0
0
0
0
0
-1067
-10158
-23265
-25545
-25380
-20470
-17492
-11864
-3709
2604
-51
0
0
0
0
0
0
0
0
0
0
0
0
0
0
0
0
0
-5233
-18384
-23384
-25686
-22979
-18250
-12367
-5562
30
54
0
0
0
0
0
0
0
0
0
0
0
0
0
0
0
0
0
0
-10164
-19318
-21854
-20403
-23438
-18085
-10084
1914
1150
-1216
-808
-466
-414
-882
-1894
-3553
-6527
-9227
-10127
-8703
-5392
-2118
0
0
0
0
0
0
-9322
-11390
-15575
-14591
-30342
-31964
-31695
-19737
-21456
-19842
-17155
-15031
-14322
-17454
-24667
-31978
-36712
-42911
-45456
-37790
-28290
-15696
0
0
0
0
0
0
-1982
-3170
-7887
-20666
-53572
-64639
-73618
-73965
-70932
-66497
-63078
-61955
-59433
-62168
-69790
-76756
-76874
-75554
-69822
-56244
-42738
-28918
0
0
0
0
0
0
6027
4695
2379
-17494
-48527
-65367
-74393
-81262
-83568
-84666
-84434
-83051
-78254
-74584
-70155
-64294
-54026
-45177
-35634
-23918
-17333
-14784
0
0
0
0
0
0
12344
17018
20043
13288
1259
-13997
-20403
-25265
-32352
-39032
-42033
-37697
-29200
-13666
1379
12690
23611
28145
21524
17290
11710
4871
0
0
0
0
0
0
13944
23053
31845
39128
44090
41477
39473
38066
33249
29901
28000
32716
37119
43359
45997
45252
45302
43410
33194
19343
10483
4540
0
0
0
0
0
0
7830
17317
24622
30163
33734
37025
39435
42384
45722
47444
46717
43579
38641
33034
29307
22522
15457
12071
7967
3790
1562
218
0
0
0
0
0
0
0
5310
8263
10304
11196
13027
17925
20672
22399
18525
14653
12284
7380
3576
1331
97
-60
0
0
0
0
0
0
0
0
0
0
0
0
0
0
0
0
0
0
0
0
0
0
0
0
0
0
0
0
0
0
0
0
0
0
0
0
0
0
0
0
0
0
0
0
0
0
0
0
0
0
0
0
0
0
0
0
0
0
0
0
0
0
0
0
0
0
0
0
0
0
0
0
0
0
0
0
0
0
0
0
0
0
0
0
0
0
0
0
0
0
0
0
0
0
0
0
0
0
0
0
0
0
0
0
0
0
0
0
0
0
0
0
0
0
0
0
0
0
0
0
0
0
0
0
0
5278
8890
11671
22265
30223
28337
28735
26163
18467
10849
4002
0
0
0
0
0
0
0
0
0
0
0
0
0
0
0
0
7644
18954
21996
34684
53861
60569
62886
64836
51243
37786
27757
12043
1305
0
0
0
0
0
0
0
0
0
0
0
0
0
0
7644
20202
28528
42388
65937
74143
69785
69695
61128
40400
33685
30029
16122
5682
0
0
0
0
0
0
0
0
0
0
0
0
0
2366
16863
29594
41701
60712
69832
56079
35049
28687
22032
4947
5553
15163
9463
6055
0
0
0
0
0
0
0
0
0
0
0
0
0
4706
24549
36262
43566
54906
38293
-7973
-34558
-26704
-22586
-21034
-12689
-2200
-7737
-3715
0
0
0
0
0
0
0
0
0
0
0
0
0
3410
18774
22605
24161
10676
-31412
-64667
-57893
-28248
-12141
1206
299
-13599
-22600
-12628
0
0
0
0
0
0
0
0
0
0
0
0
0
3436
10326
10751
-4033
-34500
-73224
-65892
-29359
135
21980
25634
7957
-22470
-33200
-15802
0
0
0
0
0
0
0
0
0
0
0
0
0
100
41
-2162
-20303
-39956
-51005
-19655
21413
40028
54518
38591
-775
-35369
-41607
-12797
0
0
0
0
0
0
0
0
0
0
0
0
0
-2242
-7528
-11079
-16999
-24489
-15025
13872
34983
49020
49223
22745
-24398
-48657
-40147
-7112
0
0
0
0
0
0
0
0
0
0
0
0
0
0
-885
-846
-1494
5890
19525
34618
44881
54492
32883
-7501
-50062
-55397
-28879
-3163
0
0
0
0
0
0
0
0
0
0
0
0
0
0
0
0
1092
15543
29292
42388
53322
46644
8092
-40378
-62044
-42879
-12203
-395
0
0
0
0
0
0
0
0
0
0
0
0
0
0
0
0
9585
27958
34688
49026
51459
20597
-20774
-58432
-50747
-21612
-2449
0
0
0
0
0
0
0
0
0
0
0
0
0
0
0
0
3549
18952
35526
46434
54941
36808
-9151
-46759
-57842
-28499
-6450
0
0
0
0
0
0
0
0
0
0
0
0
0
0
0
0
819
11476
29528
37248
53424
45689
8279
-34985
-55173
-40321
-8934
-474
0
0
0
0
0
0
0
0
0
0
0
0
0
0
0
0
6529
22370
36870
47505
53978
27043
-15907
-50358
-49219
-20191
-1343
0
0
0
0
0
0
0
0
0
0
0
0
0
0
0
0
0
15049
32133
39360
51597
40926
1326
-42865
-58350
-35588
-6292
0
0
0
0
0
0
0
0
0
0
0
0
0
0
0
0
0
0
21710
34904
45207
47328
23788
-16165
-48020
-43127
-14842
1528
2008
2080
1660
2466
9027
12979
14187
20059
18718
14439
13427
6821
0
0
0
0
0
0
27150
35413
45180
40951
15337
-9466
-12747
16191
34108
36793
36459
36462
33784
35121
43761
47995
52093
57840
50092
40749
32686
19016
0
0
0
0
0
0
22812
33097
38437
31624
5047
6477
23954
60892
67910
67676
65691
63299
62345
66447
74241
71630
68645
65494
45672
31755
21811
9245
0
0
0
0
0
0
9756
21042
20969
15777
-13358
5581
28135
54744
56595
56399
55261
57461
55665
48805
46447
37205
29175
20932
-93
-12509
-16719
-18799
0
0
0
0
0
0
3323
12311
2928
-4880
-31185
-23558
-11208
-787
3420
3754
5402
7904
8277
3694
-7434
-23039
-33516
-41072
-46770
-48182
-42286
-31830
0
0
0
0
0
0
-3575
2807
-6841
-21539
-45034
-54951
-52294
-51095
-47330
-51216
-53984
-53697
-53990
-54382
-59080
-64441
-62581
-60933
-55814
-46965
-37509
-24317
0
0
0
0
0
0
-5133
-6724
-12430
-24363
-38041
-47781
-45218
-43656
-45533
-52842
-61147
-61116
-59777
-55221
-53259
-48097
-39170
-32612
-25109
-17432
-12180
-7074
0
0
0
0
0
0
0
-3481
-4838
-10013
-15438
-21575
-24732
-27549
-33248
-35922
-37346
-32747
-24575
-17239
-11988
-6599
-1580
0
0
0
0
0
0
0
0
0
0
0
0
0
0
0
0
0
0
0
0
0
0
0
0
0
0
0
0
0
0
0
0
0
0
0
0
0
0
0
0
0
0
0
0
0
0
0
0
0
0
0
0
0
0
0
0
0
0
0
0
0
0
0
0
0
0
0
0
0
0
0
0
0
0
0
0
0
0
0
0
0
0
0
0
0
0
0
0
0
0
0
0
0
0
0
0
0
0
0
0
0
0
0
0
0
0
0
0
0
0
0
0
0
0
0
0
0
0
0
0
0
0
0
0
0
2552
10094
18342
26243
34545
38195
32293
20638
9040
2266
92
0
0
0
0
0
0
0
0
0
0
0
0
0
0
0
0
3696
16096
31630
43310
47222
47701
50461
49964
39995
22226
6627
-58
30
0
0
0
0
0
0
0
0
0
0
0
0
0
0
3696
16044
25620
33452
36057
29351
18353
24242
39984
49372
38809
16748
653
-193
0
0
0
0
0
0
0
0
0
0
0
0
0
1144
8634
16035
14704
10369
-2182
-16954
-25969
-19635
3782
38800
46810
27739
3135
-1306
0
0
0
0
0
0
0
0
0
0
0
0
0
1620
1464
-2381
-4982
-13972
-25362
-31809
-34407
-28815
-15588
16040
33303
24237
4731
-1822
0
0
0
0
0
0
0
0
0
0
0
0
0
-2806
-23435
-38431
-37590
-20377
-17749
-19747
-21358
-21506
-17856
3440
26066
17911
3599
-941
0
0
0
0
0
0
0
0
0
0
0
0
0
-6694
-33111
-48453
-35071
-6980
-5670
-6984
-5620
-15207
-13331
5642
19885
12335
-1981
-2264
0
0
0
0
0
0
0
0
0
0
0
0
0
-4732
-21013
-28567
-17716
-5845
-792
4557
4073
-1066
-8147
8226
15480
8883
-4133
-2713
0
0
0
0
0
0
0
0
0
0
0
0
0
-1140
-6906
-9966
-6457
-4590
-4078
3317
495
-3213
-8476
4324
7897
2802
-3778
-791
0
0
0
0
0
0
0
0
0
0
0
0
0
0
-450
-900
-378
3527
11663
8982
-702
-9043
-5944
2718
2317
-2588
-4244
-1195
0
0
0
0
0
0
0
0
0
0
0
0
0
0
0
0
528
6496
11581
5460
-5095
-12442
-1496
1487
202
-5102
-3548
-200
0
0
0
0
0
0
0
0
0
0
0
0
0
0
0
0
4332
8739
5871
-89
-2652
-2159
1256
-1532
-3577
-4155
-1240
0
0
0
0
0
0
0
0
0
0
0
0
0
0
0
0
1716
8951
3863
151
-7529
-521
5567
2871
-4410
-5312
-2778
0
0
0
0
0
0
0
0
0
0
0
0
0
0
0
0
396
5465
7709
-965
-3893
-1458
6301
4408
243
-5135
-3009
-240
0
0
0
0
0
0
0
0
0
0
0
0
0
0
0
0
2930
9830
3217
-1961
-6890
3151
7830
1970
-4942
-3907
-680
0
0
0
0
0
0
0
0
0
0
0
0
0
0
0
0
0
4377
6228
542
-5461
-6414
1922
2800
-90
-5720
-2698
0
0
0
0
0
0
0
0
0
0
0
0
0
0
0
0
0
0
-2763
-9042
-4432
2534
9942
10194
3676
230
224
1654
800
806
1946
3314
7210
15393
22373
24923
21791
12703
4088
376
0
0
0
0
0
0
-15050
-21406
-9999
24557
44215
46471
37504
37507
38300
35032
28609
28275
34728
40728
42846
43628
46743
48061
44124
32549
13702
1655
0
0
0
0
0
0
-24346
-31715
-17036
31428
48290
54611
43852
45217
49396
50240
47960
44597
45235
47025
41429
33474
27764
24390
25079
24880
14481
-79
0
0
0
0
0
0
-29810
-48402
-40384
-3475
5326
9628
13269
23915
35450
40921
34198
16596
5734
-1297
-11525
-18719
-21314
-21020
-8350
7168
13629
4191
0
0
0
0
0
0
-25751
-48304
-55293
-40821
-35260
-36504
-34041
-28122
-20309
-16043
-16766
-25728
-30858
-31470
-33763
-33886
-27621
-26356
-19488
-3375
4168
2915
0
0
0
0
0
0
-12768
-31941
-41588
-42618
-40185
-42409
-48882
-52732
-49929
-39604
-33899
-33172
-32162
-26699
-26009
-26776
-23575
-21149
-16807
-9726
-5560
-4393
0
0
0
0
0
0
-2610
-13570
-17894
-21690
-23883
-26652
-32014
-34458
-34869
-27765
-23312
-21219
-18293
-15818
-14019
-13781
-12717
-11925
-10128
-5870
-3654
-2964
0
0
0
0
0
0
0
-1770
-4308
-4392
-5749
-8815
-11109
-12915
-13421
-13820
-13002
-12330
-9973
-5323
-3843
-2900
-800
0
0
0
0
0
0
0
0
0
0
0
0
0
0
0
0
0
0
0
0
0
0
0
0
0
0
0
0
0
0
0
0
0
0
0
0
0
0
0
0
0
0
0
0
0
0
0
0
0
0
0
0
0
0
0
0
0
0
0
0
0
0
0
0
0
0
0
0
0
0
0
0
0
0
0
0
0
0
0
0
0
0
0
0
0
0
0
0
0
0
0
0
0
0
0
0
0
0
0
0
0
0
0
0
0
0
0
0
0
0
0
0
0
0
0
0
0
0
0
0
0
0
0
0
0
2262
7116
10715
17396
22529
23459
20530
14675
7056
3142
460
0
0
0
0
0
0
0
0
0
0
0
0
0
0
0
0
3276
10616
18662
28057
37653
43106
49514
53920
47433
29770
15637
3618
150
0
0
0
0
0
0
0
0
0
0
0
0
0
0
3276
10122
15872
24550
35373
41158
41922
44138
55091
65738
58302
38282
14608
1180
0
0
0
0
0
0
0
0
0
0
0
0
0
1014
5385
12451
12860
12959
7778
3062
-6689
-12942
-2455
24143
48015
49201
29260
4428
0
0
0
0
0
0
0
0
0
0
0
0
0
988
3042
2442
-3788
-5277
-12908
-23603
-33141
-38819
-40414
-24597
9916
35441
31925
9194
0
0
0
0
0
0
0
0
0
0
0
0
0
-1684
-12767
-23501
-27808
-22534
-18382
-26599
-31566
-33112
-33933
-28337
-8638
18222
21610
9633
0
0
0
0
0
0
0
0
0
0
0
0
0
-3148
-16117
-33486
-45541
-35564
-14339
-7784
-4354
-6567
-10679
-7796
-1386
15050
13640
4745
0
0
0
0
0
0
0
0
0
0
0
0
0
-1896
-9447
-22427
-34073
-35531
-18171
-379
3727
2034
-4113
-4021
5085
12476
11684
2192
0
0
0
0
0
0
0
0
0
0
0
0
0
950
2462
363
-7907
-14277
-8712
2998
6628
4181
-1869
-7682
-1418
2226
6266
566
0
0
0
0
0
0
0
0
0
0
0
0
0
0
375
360
-414
2265
8346
6521
2045
-3502
-4578
-3016
-3833
-2560
97
-768
0
0
0
0
0
0
0
0
0
0
0
0
0
0
0
0
468
3863
9568
6838
3226
-8590
-8244
-5307
-4907
-1830
-2169
-145
0
0
0
0
0
0
0
0
0
0
0
0
0
0
0
0
3633
7718
6946
5090
5305
308
-4583
-8107
-5723
-2265
-899
0
0
0
0
0
0
0
0
0
0
0
0
0
0
0
0
1521
5670
5396
-228
-4200
-5203
4123
723
-2929
-4274
-1896
0
0
0
0
0
0
0
0
0
0
0
0
0
0
0
0
351
3888
7418
5014
2025
-1126
-2824
-569
-1575
471
-2095
-174
0
0
0
0
0
0
0
0
0
0
0
0
0
0
0
0
2442
7196
4979
589
-3504
-4306
2493
-44
-1645
-1546
-493
0
0
0
0
0
0
0
0
0
0
0
0
0
0
0
0
0
3230
7185
3934
918
-5878
-3318
-1081
1184
1532
-1838
0
0
0
0
0
0
0
0
0
0
0
0
0
0
0
0
0
0
-602
-33
-3110
3121
-367
1644
-3922
-682
1648
1018
780
756
1302
2026
5333
10358
13111
16077
13833
8048
4751
990
0
0
0
0
0
0
-6372
-9505
-15334
4554
25979
34271
30332
26292
26954
24745
21852
20638
23287
26048
28485
30977
35480
42320
43199
34028
21800
7776
0
0
0
0
0
0
-10184
-17144
-25770
-5377
29429
49868
61312
54272
56616
56667
53905
46937
44043
46709
49983
46931
40658
41189
46154
44972
38949
20940
0
0
0
0
0
0
-11449
-27105
-41511
-34310
-1445
19894
41753
47825
52818
57314
56421
49131
35394
25746
20514
15480
5477
-2815
660
9768
22130
22761
0
0
0
0
0
0
-8427
-27827
-52761
-67413
-51197
-42107
-35911
-29896
-21746
-10044
-3032
-4187
-15593
-26783
-32992
-36166
-39295
-40461
-39563
-31907
-14559
2962
0
0
0
0
0
0
-2729
-15233
-37948
-61140
-62321
-56279
-59002
-62550
-64172
-58414
-49271
-42107
-40729
-44562
-45548
-45445
-44748
-39055
-31663
-27615
-20185
-7996
0
0
0
0
0
0
2175
-20
-8692
-22722
-33366
-34273
-39334
-46514
-54065
-54163
-46717
-38862
-29478
-24047
-17255
-11646
-11943
-11501
-9131
-7462
-5970
-3306
0
0
0
0
0
0
0
1475
2056
127
-3361
-4638
-3423
-3762
-6457
-10814
-12902
-11429
-9084
-7604
-5967
-2929
-580
0
0
0
0
0
0
0
0
0
0
0
0
0
0
0
0
0
0
0
0
0
0
0
0
0
0
0
0
0
0
0
0
0
0
0
0
0
0
0
0
0
0
0
0
0
0
0
0
0
0
0
0
0
0
0
0
0
0
0
0
0
0
0
0
0
0
0
0
0
0
0
0
0
0
0
0
0
0
0
0
0
0
0
0
0
0
0
0
0
0
0
0
0
0
0
0
0
0
0
0
0
0
0
0
0
0
0
0
0
0
0
0
0
0
0
0
0
0
0
0
0
0
0
0
0
-580
1120
1938
4708
11086
13560
15871
17947
13919
7857
3634
0
0
0
0
0
0
0
0
0
0
0
0
0
0
0
0
-840
-770
-2946
-2133
4309
7128
8160
16046
25080
25597
20693
12139
1185
0
0
0
0
0
0
0
0
0
0
0
0
0
0
-840
-1680
-8426
-14944
-12566
-2013
-473
-3131
5012
21146
34107
36587
24097
5764
0
0
0
0
0
0
0
0
0
0
0
0
0
-260
-3410
-9904
-23508
-33958
-27643
-12404
-12193
-20604
-11122
7174
30334
52411
37502
10783
0
0
0
0
0
0
0
0
0
0
0
0
0
-1290
-8245
-25136
-49266
-53398
-22453
-3709
-11112
-16439
-18359
-7046
27800
65357
48772
13917
0
0
0
0
0
0
0
0
0
0
0
0
0
-1850
-16563
-47882
-76097
-53302
-3702
15536
4074
-14238
-38419
-36359
20957
71219
58204
16517
0
0
0
0
0
0
0
0
0
0
0
0
0
-2216
-19201
-52575
-69315
-21061
25013
28884
8515
-22571
-57715
-51664
16545
72864
59568
12571
0
0
0
0
0
0
0
0
0
0
0
0
0
-3376
-19690
-43076
-41412
4769
34211
23472
-6503
-37017
-67072
-43649
28774
73928
48508
7519
0
0
0
0
0
0
0
0
0
0
0
0
0
-1824
-10792
-21861
-15063
11146
15771
-3264
-27138
-56629
-65488
-12918
47570
70425
32445
3830
0
0
0
0
0
0
0
0
0
0
0
0
0
0
-720
-1992
-1671
584
-117
-13824
-40797
-61853
-43651
17065
56034
56116
18522
1119
0
0
0
0
0
0
0
0
0
0
0
0
0
0
0
0
-120
-3890
-12311
-32980
-56493
-52252
-5245
43240
56893
35232
5386
110
0
0
0
0
0
0
0
0
0
0
0
0
0
0
0
0
-1410
-5105
-24074
-52416
-56776
-21603
32116
57469
43213
13007
682
0
0
0
0
0
0
0
0
0
0
0
0
0
0
0
0
-390
-3775
-17342
-42226
-64046
-37198
15445
55414
50859
20737
2082
0
0
0
0
0
0
0
0
0
0
0
0
0
0
0
0
-90
-2095
-8228
-32644
-63272
-57540
1562
50313
64178
30984
3911
132
0
0
0
0
0
0
0
0
0
0
0
0
0
0
0
0
-985
-4250
-20460
-49061
-67263
-31500
31944
63474
49027
11085
374
0
0
0
0
0
0
0
0
0
0
0
0
0
0
0
0
0
-3765
-12115
-38434
-65435
-51287
8616
53210
58804
27088
2038
0
0
0
0
0
0
0
0
0
0
0
0
0
0
0
0
0
0
-7424
-27358
-60605
-68792
-16196
41728
67948
44331
10854
1562
1222
834
390
364
528
2998
4246
7292
12415
10393
9071
5977
0
0
0
0
0
0
-12244
-42237
-81330
-60595
19471
68803
74176
40419
21870
19412
18632
16020
12364
11863
12316
11345
9330
11386
18167
22520
22650
17245
0
0
0
0
0
0
-17850
-56156
-92769
-47521
27322
66194
48124
15966
13044
17319
20507
16823
8303
5025
5877
4863
-1631
1554
8931
16473
27795
22484
0
0
0
0
0
0
-18421
-61064
-96871
-46322
11204
36250
12116
-210
1513
9593
17531
11731
-998
-12390
-13614
-15871
-20485
-11424
-341
12673
32001
26988
0
0
0
0
0
0
-14636
-48616
-83155
-49488
-12258
906
-15029
-23034
-21645
-11696
492
-4852
-15603
-19280
-13551
-15664
-17589
-5582
3436
17763
35931
26826
0
0
0
0
0
0
-10824
-35619
-57888
-42482
-24146
-15623
-17813
-23068
-24028
-13064
-2487
-4296
-12667
-15751
-5603
-3310
-3562
624
3513
11556
24433
18441
0
0
0
0
0
0
-4176
-18400
-32554
-29097
-15867
-11122
-15498
-21715
-23272
-13929
-4711
1398
-161
-651
3976
2952
2462
5395
3156
3460
7270
4832
0
0
0
0
0
0
0
-2832
-9064
-12163
-4768
-4272
-8580
-14130
-13443
-5146
1664
5729
2258
4372
8109
3882
440
0
0
0
0
0
0
0
0
0
0
0
0
0
0
0
0
0
0
0
0
0
0
0
0
0
0
0
0
0
0
0
0
0
0
0
0
0
0
0
0
0
0
0
0
0
0
0
0
0
0
0
0
0
0
0
0
0
0
0
0
0
0
0
0
0
0
0
0
0
0
0
0
0
0
0
0
0
0
0
0
0
0
0
0
0
0
0
0
0
0
0
0
0
0
0
0
0
0
0
0
0
0
0
0
0
0
0
0
0
0
0
0
0
0
0
0
0
0
0
0
0
0
0
0
0
-2494
-6378
-13191
-19347
-24879
-27696
-25111
-16621
-8657
-2578
-368
0
0
0
0
0
0
0
0
0
0
0
0
0
0
0
0
-3612
-17290
-31042
-43004
-53104
-55685
-51684
-46581
-33367
-20655
-8111
-1241
-120
0
0
0
0
0
0
0
0
0
0
0
0
0
0
-3612
-20202
-37614
-48616
-51498
-45662
-42161
-40055
-40742
-35121
-27497
-15236
-4638
-398
0
0
0
0
0
0
0
0
0
0
0
0
0
-1118
-16447
-31202
-35551
-31071
-11609
15459
26229
17340
5329
-9541
-11767
-9150
-5625
-584
0
0
0
0
0
0
0
0
0
0
0
0
0
-4546
-20431
-21105
-8295
18954
46122
62611
67415
45121
19682
-1247
-2726
2161
673
-867
0
0
0
0
0
0
0
0
0
0
0
0
0
-3476
-1613
14652
39485
57160
60362
53983
37503
27629
11944
3633
2696
5787
5975
298
0
0
0
0
0
0
0
0
0
0
0
0
0
4442
26593
43962
53993
49833
36322
19114
-5061
-6932
-3128
2055
4559
7867
4971
1605
0
0
0
0
0
0
0
0
0
0
0
0
0
6802
29875
40939
34597
23750
11433
-12690
-22606
-14814
2608
17028
15652
12282
2943
32
0
0
0
0
0
0
0
0
0
0
0
0
0
2888
13381
17486
9156
545
-9220
-23774
-18064
-6076
19274
24996
20154
13309
3592
894
0
0
0
0
0
0
0
0
0
0
0
0
0
0
1140
1464
783
-4045
-17294
-27237
-14521
10072
36052
30258
20204
8218
1687
25
0
0
0
0
0
0
0
0
0
0
0
0
0
0
0
0
-516
-15655
-24960
-19489
38
30074
39562
27504
13674
1528
502
-25
0
0
0
0
0
0
0
0
0
0
0
0
0
0
0
0
-5601
-22746
-26896
-9851
19101
33468
28175
18035
5593
1003
-155
0
0
0
0
0
0
0
0
0
0
0
0
0
0
0
0
-1677
-18556
-20748
-15856
6546
34045
33756
21241
6768
195
-138
0
0
0
0
0
0
0
0
0
0
0
0
0
0
0
0
-387
-9244
-23792
-16822
-1274
24662
27120
22334
12352
1062
54
-30
0
0
0
0
0
0
0
0
0
0
0
0
0
0
0
0
-3889
-20132
-21035
-10513
11214
33743
26045
15961
4981
1344
-85
0
0
0
0
0
0
0
0
0
0
0
0
0
0
0
0
0
-12566
-22362
-15660
3145
28619
30567
22517
9920
-532
-128
0
0
0
0
0
0
0
0
0
0
0
0
0
0
0
0
0
0
-16067
-12102
-6264
17112
28579
20801
13343
2690
-412
-1628
-788
-724
-1278
-2460
-5783
-10263
-16079
-18508
-15912
-11153
-4219
-799
0
0
0
0
0
0
-6307
1049
3357
13928
2584
-13191
-27267
-33374
-31510
-27559
-23131
-23376
-26777
-32503
-41420
-44440
-46227
-47722
-36881
-26492
-14230
-3348
0
0
0
0
0
0
6931
12456
11987
-4815
-26254
-41422
-57268
-57774
-52888
-49702
-49542
-53383
-55094
-55914
-54821
-52045
-46310
-38654
-29455
-16167
-9031
-4481
0
0
0
0
0
0
19148
25497
29618
10419
-7749
-17426
-26835
-35578
-43275
-44867
-42670
-37360
-30185
-21803
-6228
5489
14504
21685
18337
15269
11019
2009
0
0
0
0
0
0
27782
38959
47484
49647
44998
39099
36246
34615
26885
25971
28810
33960
41936
49275
59649
64855
64985
61533
44325
26705
17354
8995
0
0
0
0
0
0
20473
39973
49987
57125
65596
66243
67723
68856
67922
64600
61817
65050
64018
63876
61333
53549
47506
44427
31257
13928
5121
2038
0
0
0
0
0
0
6612
21593
29891
30838
34277
39227
46324
50345
54085
52288
48368
45076
34897
26109
22199
14950
7789
4883
3227
514
-1442
-1130
0
0
0
0
0
0
0
4484
7704
9047
7319
8636
13038
15736
15979
10855
6876
5015
3033
106
-1715
-905
-100
0
0
0
0
0
0
0
0
0
0
0
0
0
0
0
0
0
0
0
0
0
0
0
0
0
0
0
0
0
0
0
0
0
0
0
0
0
0
0
0
0
0
0
0
0
0
0
0
0
0
0
0
0
0
0
0
0
0
0
0
0
0
0
0
0
0
0
0
0
0
0
0
0
0
0
0
0
0
0
0
0
0
0
0
0
0
0
0
0
