0
0
0
0
0
0
0
0
0
0
0
0
0
0
0
0
0
0
0
0
0
0
0
0
0
0
0
0
0
0
0
0
0
0
0
0
0
0
0
0
0
0
0
0
0
0
0
0
0
0
0
0
0
0
0
0
0
0
0
0
0
0
0
0
0
0
0
0
0
0
0
0
0
0
0
0
0
0
0
0
0
0
0
0
0
0
0
0
0
0
0
-396
-4105
-8373
-6813
-10
1924
783
80
0
0
0
0
-252
-1781
-2503
-948
1045
246
10
0
0
0
0
0
0
0
0
-288
-5520
-19322
-21164
-847
12587
6864
184
-320
0
0
0
-252
-4905
-14146
-11542
2034
6054
482
50
0
0
0
0
0
0
0
-360
-4582
-20145
-30078
-2490
32094
24789
306
-5655
-976
0
0
0
-3016
-17611
-25376
1796
23200
9535
-3212
-482
0
0
0
0
0
0
0
-2020
-14555
-30749
-6342
42901
43841
2489
-19600
-11026
-1184
0
0
-756
-11440
-28621
-7682
38201
30271
-4828
-11094
-1246
0
0
0
0
0
0
-396
-6595
-24404
-16901
35902
53990
6500
-32542
-21973
-6763
-16
0
-756
-6975
-25917
-19088
34204
47641
164
-25013
-13210
-1334
0
0
0
0
0
0
-3752
-17129
-25235
12087
52036
22388
-30985
-31341
-8657
-84
0
0
-3468
-18312
-27227
14536
52945
15855
-29205
-23242
-4726
-18
0
0
0
0
0
0
-9677
-24050
-10441
37089
38782
-10894
-33835
-15248
-813
0
-144
-2576
-13298
-28900
-4569
47895
38512
-16138
-30512
-11150
-494
0
0
0
0
0
0
0
-13164
-19090
7227
34569
3365
-32608
-26905
-5682
-2865
-4231
-7516
-16033
-25837
-16850
32380
50990
3170
-34870
-20016
-3670
-6
0
0
0
0
0
0
0
-8640
-6246
9944
10437
-22670
-33143
-19547
-8988
-11899
-13256
-17078
-21143
-13109
18018
51583
24167
-25674
-30163
-7353
-46
0
0
0
0
0
0
0
0
-2224
2354
8747
3327
-17262
-19856
-11761
-4771
-3300
-1632
-2352
-133
13444
39135
36698
-9728
-32710
-17285
-79
0
0
0
0
0
0
0
0
0
2756
8401
12642
9309
-3941
-5415
3994
11412
9515
14184
8207
-196
11788
31166
5781
-29774
-26258
-7379
0
0
0
0
0
0
0
0
0
0
2283
7342
9901
3913
-2211
522
9544
6546
-1673
-2263
-23203
-26226
10325
22744
-18023
-33381
-16795
-1342
0
0
0
0
0
0
0
0
0
0
450
2116
1605
-1404
-50
2552
-4409
-15063
-19975
-30381
-45069
-9871
32172
12004
-32777
-25279
-7149
-17
0
0
0
0
0
0
0
0
0
0
0
144
512
464
-514
-4180
-9777
-10506
-13247
-30866
-23176
30140
36742
-9948
-32194
-13312
-820
0
0
0
0
0
0
0
0
0
0
0
0
0
0
0
0
0
0
0
-12454
-24893
5197
46099
20492
-23258
-23837
-4444
-10
0
0
0
0
0
0
0
0
0
0
0
0
0
0
0
0
0
0
-1872
-19339
-18471
25093
42731
-1196
-29938
-17003
-1884
0
0
0
0
0
0
0
0
0
0
0
0
0
0
0
0
0
0
0
-7696
-25210
-7767
38172
28735
-21045
-29782
-8700
425
75
0
0
0
0
0
0
0
0
0
0
0
0
0
0
0
0
0
0
-14508
-22276
9799
38788
3877
-37675
-27666
513
3665
100
0
0
0
0
0
0
0
0
0
0
0
0
0
0
0
0
0
0
-15652
-12597
16964
19359
-25951
-37137
-5006
16388
3996
-2445
0
0
0
0
0
0
0
0
0
0
0
0
0
0
0
0
0
0
-10336
-2356
14172
6003
-18935
-1809
21489
11653
-7550
-6270
0
0
0
0
0
0
0
0
0
0
0
0
0
0
0
0
0
0
-2696
7494
16615
14762
8586
13018
1720
-16335
-17383
-6789
0
0
0
0
0
0
0
0
0
0
0
0
0
0
0
0
0
0
3654
12423
16334
14680
-957
-18109
-27889
-22746
-9209
-1116
0
0
0
0
0
0
0
0
0
0
0
0
0
0
0
0
0
0
2862
7451
5778
-5639
-18561
-22822
-14273
-4309
-719
-14
0
0
0
0
0
0
0
0
0
0
0
0
0
0
0
0
0
0
540
1470
-1498
-7199
-6946
-2732
-583
-101
-3
0
0
0
0
0
0
0
0
0
0
0
0
0
0
0
0
0
0
0
0
0
0
0
0
0
0
0
0
0
0
0
0
0
0
0
0
0
0
0
0
0
0
0
0
0
0
0
0
0
0
0
0
0
0
0
0
0
0
0
0
0
0
0
0
0
0
0
0
0
0
0
0
0
0
0
0
0
0
0
0
0
0
0
0
0
0
0
0
0
0
0
0
0
0
0
0
0
0
0
0
0
0
0
0
0
0
0
0
0
0
0
0
0
0
0
0
0
0
0
0
0
0
0
0
0
0
0
704
6111
3835
-1178
-6884
-11817
-6511
-1360
0
0
0
0
448
2411
-91
-933
-2563
-3332
-170
0
0
0
0
0
0
0
0
512
8278
15194
12263
-8863
-29030
-33487
-17025
-2032
0
0
0
448
7537
10414
598
-10041
-19975
-16116
-1784
0
0
0
0
0
0
0
640
6578
17611
26127
12432
-24751
-51832
-38035
-14114
-544
0
0
0
4934
16935
19718
-45
-28871
-41336
-22476
-2354
0
0
0
0
0
0
0
2980
16089
32230
33274
7657
-40932
-54011
-26881
-5389
-368
0
0
1344
13752
27971
27339
-6588
-48204
-43585
-13252
-658
0
0
0
0
0
0
704
8251
28102
44591
31571
-6403
-35227
-27451
-7624
-1751
-144
0
1344
8851
24294
38570
24980
-19500
-50432
-31247
-6582
-432
0
0
0
0
0
0
5998
17875
40689
43793
12623
-23831
-25303
-4479
972
-756
0
0
4882
19296
36847
36695
5880
-28989
-26584
-8296
-1552
-162
0
0
0
0
0
0
12091
31798
48565
35627
-8939
-35885
-26055
-3512
-887
0
256
4148
12888
31696
38144
20122
-17557
-33962
-14815
-2598
-588
0
0
0
0
0
0
0
18891
46820
57042
26284
-21227
-40947
-29747
-13074
-7660
-1166
1085
7034
17972
32723
22044
-10689
-33522
-27556
-4716
-1538
-54
0
0
0
0
0
0
0
21728
60483
68412
32000
-18781
-43076
-39155
-28543
-22474
-13427
-9213
-1347
9089
10660
-5065
-29547
-31677
-13876
-706
-414
0
0
0
0
0
0
0
0
16754
57151
78865
54278
11165
-21756
-31620
-31164
-30780
-25799
-9452
566
8464
-1082
-29518
-41995
-28444
-5185
-711
0
0
0
0
0
0
0
0
0
10256
42033
69602
65789
42685
17711
-3731
-13487
-14697
-7385
17629
29806
24633
2898
-34147
-36485
-18951
-3644
0
0
0
0
0
0
0
0
0
0
3141
22955
50491
63556
62313
54828
36646
21673
19761
27121
48741
61363
42803
-3659
-35612
-22180
-4569
-1147
0
0
0
0
0
0
0
0
0
0
275
4349
18840
37237
51766
55901
47349
37147
39150
50904
72665
74138
32659
-21688
-34525
-12422
-2328
-153
0
0
0
0
0
0
0
0
0
0
0
88
1112
4684
11833
22453
29036
25811
27529
44207
61507
46026
-2438
-35043
-26443
-4534
-950
0
0
0
0
0
0
0
0
0
0
0
0
0
0
0
0
0
0
0
16692
42178
51373
21652
-29666
-39934
-18426
-2069
-90
0
0
0
0
0
0
0
0
0
0
0
0
0
0
0
0
0
0
3328
26819
55283
47534
5194
-42440
-38932
-9741
-881
0
0
0
0
0
0
0
0
0
0
0
0
0
0
0
0
0
0
0
10504
36919
61552
37134
-16281
-41680
-27938
-3122
-1500
-1275
0
0
0
0
0
0
0
0
0
0
0
0
0
0
0
0
0
0
18668
48300
62500
24833
-30302
-40116
-25410
-12641
-14802
-8705
0
0
0
0
0
0
0
0
0
0
0
0
0
0
0
0
0
0
27664
59989
64709
23082
-32381
-42292
-36174
-33657
-28392
-11860
0
0
0
0
0
0
0
0
0
0
0
0
0
0
0
0
0
0
28180
69345
68805
27689
-19504
-36248
-39549
-36501
-21614
-4843
0
0
0
0
0
0
0
0
0
0
0
0
0
0
0
0
0
0
21356
62216
71458
39463
3721
-13672
-18187
-17529
-10646
-2451
0
0
0
0
0
0
0
0
0
0
0
0
0
0
0
0
0
0
12994
45163
62491
47193
21596
9639
8291
5274
261
-1042
0
0
0
0
0
0
0
0
0
0
0
0
0
0
0
0
0
0
3844
23356
41955
39246
27203
20860
12828
3768
-76
-126
0
0
0
0
0
0
0
0
0
0
0
0
0
0
0
0
0
0
330
3895
13089
18311
12631
3798
299
48
-27
0
0
0
0
0
0
0
0
0
0
0
0
0
0
0
0
0
0
0
0
0
0
0
0
0
0
0
0
0
0
0
0
0
0
0
0
0
0
0
0
0
0
0
0
0
0
0
0
0
0
0
0
0
0
0
0
0
0
0
0
0
0
0
0
0
0
0
0
0
0
0
0
0
0
0
0
0
0
0
0
0
0
0
0
0
0
0
0
0
0
0
0
0
0
0
0
0
0
0
0
0
0
0
0
0
0
0
0
0
0
0
0
0
0
0
0
0
0
0
0
0
0
0
0
0
0
0
-88
-977
-2866
-6301
-7896
-6180
-2446
-416
0
0
0
0
-56
-437
-1060
-2094
-1946
-1076
-52
0
0
0
0
0
0
0
0
-64
-1737
-10146
-21280
-26816
-28717
-26489
-12181
-2032
0
0
0
-56
-1426
-6181
-11478
-14357
-13531
-8924
-722
0
0
0
0
0
0
0
-80
-1414
-11157
-28479
-40155
-42784
-42124
-32415
-14915
-976
0
0
0
-965
-9600
-23825
-29986
-31453
-32711
-20552
-2408
0
0
0
0
0
0
0
-870
-8285
-24336
-35131
-38229
-35224
-26784
-9354
-1312
704
0
0
-168
-5710
-20547
-31420
-32939
-33200
-28944
-12226
-1010
0
0
0
0
0
0
-88
-3202
-16209
-28154
-21741
-15894
-17746
-6224
5491
3719
-48
0
-168
-2558
-15345
-26994
-23625
-22101
-21824
-8065
2354
786
0
0
0
0
0
0
-1297
-8730
-21994
-18880
-9609
-6406
-8197
-355
3403
-252
0
0
-1655
-11162
-25424
-21479
-14676
-17573
-12517
-960
1726
-54
0
0
0
0
0
0
-5779
-17266
-20329
-14747
-16692
-16108
-7248
3113
221
0
-32
-596
-6103
-21612
-25305
-15745
-14386
-16097
-4501
1624
114
0
0
0
0
0
0
0
-7667
-16414
-15144
-12158
-28186
-29569
-20312
-7538
-6387
-5253
-6334
-12515
-25223
-35591
-24464
-17264
-15090
-7670
4274
1850
-18
0
0
0
0
0
0
0
-3989
-6373
-6869
-19051
-43281
-55355
-54288
-45614
-39698
-34905
-39443
-47928
-54802
-48711
-31862
-23240
-14858
-5991
3739
-138
0
0
0
0
0
0
0
0
5815
8042
2843
-13473
-37952
-63032
-75090
-77983
-75924
-70910
-71251
-71197
-64972
-46471
-30992
-20503
-9805
-1014
-237
0
0
0
0
0
0
0
0
0
9082
17967
20440
12277
83
-20551
-33565
-43120
-49435
-42263
-37054
-35434
-27530
-13533
-21280
-13496
-5749
2281
0
0
0
0
0
0
0
0
0
0
8090
19614
28911
33200
34696
30640
26877
23673
20382
24296
19547
10581
7337
4723
-13541
-6943
362
496
0
0
0
0
0
0
0
0
0
0
2250
11691
18891
25326
32051
37542
41433
43570
42819
31622
14221
5531
2787
-8778
-10221
222
2821
-51
0
0
0
0
0
0
0
0
0
0
0
720
3256
7888
15794
19077
16619
14718
9693
-7404
-12721
-12030
-13559
-19933
-12047
565
200
0
0
0
0
0
0
0
0
0
0
0
0
0
0
0
0
0
0
0
-6925
-17993
-16321
-14113
-21527
-19829
-9863
-198
-30
0
0
0
0
0
0
0
0
0
0
0
0
0
0
0
0
0
0
-416
-9973
-15057
-10286
-12425
-21097
-13438
-1449
998
0
0
0
0
0
0
0
0
0
0
0
0
0
0
0
0
0
0
0
-3900
-12061
-14257
-10577
-15651
-21348
-12873
1119
-891
-390
0
0
0
0
0
0
0
0
0
0
0
0
0
0
0
0
0
0
-8632
-13312
-13511
-14854
-28311
-27701
-21326
-10092
-8329
-3985
0
0
0
0
0
0
0
0
0
0
0
0
0
0
0
0
0
0
-8632
-8616
-9435
-20480
-44600
-50574
-40367
-28529
-23528
-11439
0
0
0
0
0
0
0
0
0
0
0
0
0
0
0
0
0
0
-1696
-1234
-4775
-24211
-49146
-52025
-41553
-28772
-17107
-5998
0
0
0
0
0
0
0
0
0
0
0
0
0
0
0
0
0
0
7590
10273
6947
287
-8577
-11355
-5126
1669
3782
2621
0
0
0
0
0
0
0
0
0
0
0
0
0
0
0
0
0
0
11728
21002
26163
30763
36555
29927
20298
13634
4775
376
0
0
0
0
0
0
0
0
0
0
0
0
0
0
0
0
0
0
10320
20558
28417
32397
28714
18752
8142
1808
97
-42
0
0
0
0
0
0
0
0
0
0
0
0
0
0
0
0
0
0
2700
9960
11215
7553
4139
1115
61
9
-9
0
0
0
0
0
0
0
0
0
0
0
0
0
0
0
0
0
0
0
0
0
0
0
0
0
0
0
0
0
0
0
0
0
0
0
0
0
0
0
0
0
0
0
0
0
0
0
0
0
0
0
0
0
0
0
0
0
0
0
0
0
0
0
0
0
0
0
0
0
0
0
0
0
0
0
0
0
0
0
0
0
0
0
0
0
0
0
0
0
0
0
0
0
0
0
0
0
0
0
0
0
0
0
0
0
0
0
0
0
0
0
0
0
0
0
0
0
0
0
0
0
0
0
0
0
0
0
1001
9352
11561
7010
11413
14778
7333
1392
0
0
0
0
637
3850
2366
1074
4197
3494
174
0
0
0
0
0
0
0
0
728
11623
22566
19898
24622
36218
28732
10567
400
0
0
0
637
10738
18939
10284
15808
25047
13280
1616
0
0
0
0
0
0
0
910
9498
23073
27481
31543
44202
38663
7934
-4964
-1664
0
0
0
6615
21016
20389
18642
37452
30446
5168
242
0
0
0
0
0
0
0
3665
18396
32846
35620
50354
47039
5059
-26993
-18141
-2032
0
0
1911
16472
28035
25079
36437
38176
1533
-15754
-2126
0
0
0
0
0
0
1001
9822
27941
34550
36061
42807
6126
-43923
-42860
-17385
-1264
0
1911
12649
28708
32227
39923
47160
9100
-31727
-24478
-2444
0
0
0
0
0
0
7899
22273
35581
34780
37173
14023
-40057
-59295
-27662
-6636
0
0
5740
21207
32218
30057
38269
19220
-36654
-47568
-18056
-1422
0
0
0
0
0
0
11930
27527
35103
36022
29403
-8771
-50615
-37706
-7037
0
364
6139
18187
33059
32904
37992
31750
-18204
-53559
-30446
-4712
0
0
0
0
0
0
0
16673
32132
38482
37338
24282
-12534
-23210
4458
15494
14581
19421
26925
38331
53471
49287
43938
6653
-46201
-45130
-13170
-474
0
0
0
0
0
0
0
13938
30466
36678
31259
13677
7019
24792
52388
51668
51860
53512
60275
68688
65494
47554
19934
-29291
-54468
-24160
-3634
0
0
0
0
0
0
0
0
4845
14490
14685
10535
-2631
2020
23335
50103
55537
53204
58330
69729
64289
46734
27249
-11768
-46566
-41377
-6241
0
0
0
0
0
0
0
0
0
229
7460
6080
-639
-18163
-24071
-9574
8850
10440
12854
30200
29818
14943
4796
-5710
-43143
-49810
-22390
0
0
0
0
0
0
0
0
0
0
-3704
-2645
-5028
-13806
-26644
-36050
-36900
-34245
-36710
-27539
-5352
-16458
-19146
-12036
-38737
-57898
-40295
-8795
0
0
0
0
0
0
0
0
0
0
-1475
-6907
-10275
-18011
-25697
-34535
-44046
-53871
-56196
-39105
-17199
-16015
-5160
-3767
-49456
-49363
-21324
-1343
0
0
0
0
0
0
0
0
0
0
0
-472
-2056
-5380
-12417
-18907
-26077
-32207
-22508
3704
12560
17842
20474
-8662
-50874
-33626
-7590
0
0
0
0
0
0
0
0
0
0
0
0
0
0
0
0
0
0
0
16819
34047
29355
30494
19893
-28389
-46381
-15945
-790
0
0
0
0
0
0
0
0
0
0
0
0
0
0
0
0
0
0
4732
26614
34800
29914
30881
142
-41799
-37523
-5861
0
0
0
0
0
0
0
0
0
0
0
0
0
0
0
0
0
0
0
11960
31164
32458
28508
24771
-21174
-45873
-24035
-43
1305
0
0
0
0
0
0
0
0
0
0
0
0
0
0
0
0
0
0
17628
31629
35636
32056
23882
-17268
-27811
5954
18029
7335
0
0
0
0
0
0
0
0
0
0
0
0
0
0
0
0
0
0
23036
32820
38554
39532
14810
-10923
2005
32659
17771
1658
0
0
0
0
0
0
0
0
0
0
0
0
0
0
0
0
0
0
15470
26300
25952
16167
-10294
-7888
4167
9611
-9118
-9875
0
0
0
0
0
0
0
0
0
0
0
0
0
0
0
0
0
0
6120
13676
8091
-2814
-28943
-29635
-25714
-26998
-27260
-12801
0
0
0
0
0
0
0
0
0
0
0
0
0
0
0
0
0
0
166
6501
-853
-16868
-47680
-58466
-50989
-41279
-26053
-8098
0
0
0
0
0
0
0
0
0
0
0
0
0
0
0
0
0
0
-4846
-4213
-12705
-30135
-47145
-50344
-37029
-19590
-7710
-1106
0
0
0
0
0
0
0
0
0
0
0
0
0
0
0
0
0
0
-1770
-6235
-8381
-12928
-16801
-14221
-6296
-1136
-237
0
0
0
0
0
0
0
0
0
0
0
0
0
0
0
0
0
0
0
0
0
0
0
0
0
0
0
0
0
0
0
0
0
0
0
0
0
0
0
0
0
0
0
0
0
0
0
0
0
0
0
0
0
0
0
0
0
0
0
0
0
0
0
0
0
0
0
0
0
0
0
0
0
0
0
0
0
0
0
0
0
0
0
0
0
0
0
0
0
0
0
0
0
0
0
0
0
0
0
0
0
0
0
0
0
0
0
0
0
0
0
0
0
0
0
0
0
0
0
0
0
0
0
0
0
0
0
484
5621
16416
20855
14242
5130
870
32
0
0
0
0
308
2561
5726
4984
1994
168
4
0
0
0
0
0
0
0
0
352
6142
21183
34706
36252
21538
4656
-823
-336
0
0
0
308
5715
20042
29771
23416
8771
322
-6
0
0
0
0
0
0
0
440
5390
17317
20624
19722
17345
14253
3693
-1285
-176
0
0
0
3022
13408
22597
27281
20953
7085
-2218
-400
0
0
0
0
0
0
0
1520
9041
12483
4693
114
6426
9145
7210
823
272
0
0
924
7382
9755
4764
10987
14702
8463
-268
-164
0
0
0
0
0
0
484
3621
4918
-4389
-7209
-2322
5805
2855
-1077
-1620
-640
0
924
7685
14570
3128
-1677
7677
10730
5610
482
226
0
0
0
0
0
0
3542
11096
4184
-8905
-6724
6655
4926
-4263
-5801
-3360
0
0
2246
9925
4805
-5373
-3192
6883
4753
-4574
-4430
-720
0
0
0
0
0
0
2247
3337
-3508
-3537
8064
9095
502
-4826
-2750
0
176
3368
11602
12309
-3480
-7685
2438
6638
35
-5006
-1898
0
0
0
0
0
0
0
-6247
-13652
-8091
22896
41620
35737
14168
9686
11429
13089
18426
27228
28864
11682
-3058
-29
8594
3563
-4020
-2796
-240
0
0
0
0
0
0
0
-16321
-31123
-18130
30612
57160
53738
41750
42661
43290
44362
44209
39222
24083
456
-1077
7805
6818
-5476
-4795
-1840
0
0
0
0
0
0
0
0
-19409
-43752
-45493
-10900
15864
33295
39723
37441
27740
20822
12966
8520
6499
-862
8501
10346
5104
-6036
-3160
0
0
0
0
0
0
0
0
0
-13479
-37874
-52044
-43641
-31031
-21752
-13631
-9516
-15608
-19987
-17289
-10985
-3597
3734
9554
6127
-3851
-3799
0
0
0
0
0
0
0
0
0
0
-5030
-20928
-31753
-40737
-48942
-49224
-37807
-27971
-27817
-21999
-18443
-16759
-13909
4335
2996
712
-5563
-3071
0
0
0
0
0
0
0
0
0
0
-750
-5302
-12232
-18295
-29412
-34590
-29509
-24343
-20535
-10623
-17474
-16322
-9201
5362
1987
-3402
-3501
-680
0
0
0
0
0
0
0
0
0
0
0
-240
-1296
-3384
-6850
-9870
-9756
-10537
-9252
-4185
-11361
-7534
7641
8918
-2663
-5648
-3030
0
0
0
0
0
0
0
0
0
0
0
0
0
0
0
0
0
0
0
492
-5510
-10075
1858
14138
9648
-5107
-4047
-400
0
0
0
0
0
0
0
0
0
0
0
0
0
0
0
0
0
0
2288
-701
-9718
-7548
11182
13901
3051
-4259
-935
0
0
0
0
0
0
0
0
0
0
0
0
0
0
0
0
0
0
0
4472
-2637
-10096
-730
18735
11683
-1686
-2240
-298
30
0
0
0
0
0
0
0
0
0
0
0
0
0
0
0
0
0
0
-1092
-12909
-10548
15423
33450
32092
17786
12128
4148
-155
0
0
0
0
0
0
0
0
0
0
0
0
0
0
0
0
0
0
-11960
-21892
-7174
38938
51520
35012
16476
10616
1810
-1817
0
0
0
0
0
0
0
0
0
0
0
0
0
0
0
0
0
0
-22184
-37278
-20300
17885
14006
-5038
-3261
7040
4383
-919
0
0
0
0
0
0
0
0
0
0
0
0
0
0
0
0
0
0
-24916
-47952
-46521
-24049
-21349
-16481
-1238
6454
4343
606
0
0
0
0
0
0
0
0
0
0
0
0
0
0
0
0
0
0
-17086
-38235
-44288
-29908
-17020
-11349
-3226
623
-4112
-2962
0
0
0
0
0
0
0
0
0
0
0
0
0
0
0
0
0
0
-6240
-19288
-20618
-16953
-13170
-8013
-7147
-6510
-3351
-560
0
0
0
0
0
0
0
0
0
0
0
0
0
0
0
0
0
0
-900
-4110
-5910
-3708
-3937
-5398
-2813
-509
-120
0
0
0
0
0
0
0
0
0
0
0
0
0
0
0
0
0
0
0
0
0
0
0
0
0
0
0
0
0
0
0
0
0
0
0
0
0
0
0
0
0
0
0
0
0
0
0
0
0
0
0
0
0
0
0
0
0
0
0
0
0
0
0
0
0
0
0
0
0
0
0
0
0
0
0
0
0
0
0
0
0
0
0
0
0
0
0
0
0
0
0
0
0
0
0
0
0
0
0
0
0
0
0
0
0
0
0
0
0
0
0
0
0
0
0
0
0
0
0
0
0
0
0
0
0
0
0
429
4635
10840
10559
9145
5100
1502
160
0
0
0
0
273
2049
3443
2084
2128
484
20
0
0
0
0
0
0
0
0
312
5002
13098
20146
26565
27049
17912
5210
608
0
0
0
273
4724
13309
16535
15404
12802
3808
256
0
0
0
0
0
0
0
390
4324
10484
13918
16781
25674
31930
27396
10450
1504
0
0
0
2558
8308
13740
20168
28682
25704
10804
872
0
0
0
0
0
0
0
1175
5887
11313
6478
2564
6846
10783
14339
8520
512
0
0
819
5084
8667
5060
10545
21327
24768
15346
1756
0
0
0
0
0
0
429
2820
5283
-773
-4997
-2033
-1383
-4121
-3936
-183
-464
0
819
5787
10156
3660
-4286
-1858
1572
6617
5840
518
0
0
0
0
0
0
2950
8347
3677
-4287
-8014
-1397
1884
-2000
-5221
-2436
0
0
1629
6665
6533
1476
2368
2411
1201
-1270
-2360
-522
0
0
0
0
0
0
1213
5277
3679
1956
-1137
-1784
-1487
-84
-1797
0
156
2859
8266
9154
1584
-3115
2498
861
1873
-48
-1258
0
0
0
0
0
0
0
-2114
-4035
-4459
11712
24585
24992
15645
8957
8035
9014
12697
16581
19029
12016
4897
-2128
-2051
-2680
-1749
-1370
-174
0
0
0
0
0
0
0
-8713
-18435
-20367
-2240
32068
54184
54180
42944
37714
35178
35146
34734
31492
20163
11722
7868
3500
-454
-3823
-1334
0
0
0
0
0
0
0
0
-6874
-23626
-40283
-36532
1222
40645
58373
56916
51099
40607
37186
34950
25193
18023
11190
7785
4089
4309
-2291
0
0
0
0
0
0
0
0
0
-4327
-18695
-43929
-66741
-60077
-30828
-4831
10629
13369
5144
770
1331
-4054
3645
4766
1601
-272
632
0
0
0
0
0
0
0
0
0
0
350
-6605
-23298
-48282
-67885
-70391
-64182
-50783
-40410
-37641
-35639
-32550
-32240
-14824
-957
-178
1247
-1892
0
0
0
0
0
0
0
0
0
0
625
2539
391
-9764
-27455
-42625
-48822
-47007
-36311
-24399
-24097
-26168
-24790
-17004
-3662
-2281
-647
-493
0
0
0
0
0
0
0
0
0
0
0
200
872
1724
2267
-289
-6319
-10854
-8060
-2626
-4633
-5799
-1036
2193
1521
-1802
-2000
0
0
0
0
0
0
0
0
0
0
0
0
0
0
0
0
0
0
0
1430
1244
-5397
-1508
4883
9836
6961
-129
-290
0
0
0
0
0
0
0
0
0
0
0
0
0
0
0
0
0
0
2028
1243
-3077
-9827
-7232
1590
4243
4497
-186
0
0
0
0
0
0
0
0
0
0
0
0
0
0
0
0
0
0
0
3068
3571
-3050
-5656
-2102
9197
4423
971
115
150
0
0
0
0
0
0
0
0
0
0
0
0
0
0
0
0
0
0
156
-317
-4903
2510
11888
27468
21438
9085
7118
1370
0
0
0
0
0
0
0
0
0
0
0
0
0
0
0
0
0
0
-5252
-8608
-10983
7451
26305
34355
33247
23191
15958
4590
0
0
0
0
0
0
0
0
0
0
0
0
0
0
0
0
0
0
-10322
-20280
-25612
-14328
12320
23602
23174
19069
17707
8532
0
0
0
0
0
0
0
0
0
0
0
0
0
0
0
0
0
0
-8786
-27011
-45638
-47221
-25067
-12064
-6105
-2645
2812
3441
0
0
0
0
0
0
0
0
0
0
0
0
0
0
0
0
0
0
-5478
-20279
-44330
-62277
-47759
-27408
-20058
-13708
-6182
-1872
0
0
0
0
0
0
0
0
0
0
0
0
0
0
0
0
0
0
590
-5339
-16911
-28077
-28972
-18878
-12784
-8515
-2949
-406
0
0
0
0
0
0
0
0
0
0
0
0
0
0
0
0
0
0
750
2645
1465
-4024
-8318
-6803
-2593
-493
-87
0
0
0
0
0
0
0
0
0
0
0
0
0
0
0
0
0
0
0
0
0
0
0
0
0
0
0
0
0
0
0
0
0
0
0
0
0
0
0
0
0
0
0
0
0
0
0
0
0
0
0
0
0
0
0
0
0
0
0
0
0
0
0
0
0
0
0
0
0
0
0
0
0
0
0
0
0
0
0
0
0
0
0
0
0
0
0
0
0
0
0
0
0
0
0
0
0
0
0
0
0
0
0
0
0
0
0
0
0
0
0
0
0
0
0
0
0
0
0
0
0
0
0
0
0
0
0
-110
-630
2386
3848
6453
10654
5965
1264
0
0
0
0
-70
-170
1232
962
2181
3086
158
0
0
0
0
0
0
0
0
-80
-1315
-1852
-5336
688
15133
20569
11273
1008
0
0
0
-70
-1135
322
2091
6173
15369
12682
1548
0
0
0
0
0
0
0
-100
-920
-3235
-11752
-17459
-8342
19855
27742
12678
1504
0
0
0
-935
-3740
-10132
-11314
5110
24436
15686
1322
0
0
0
0
0
0
0
-700
-4460
-12748
-26723
-33323
-3433
34758
36768
15233
1328
0
0
-210
-3195
-9719
-22612
-22624
10879
37525
19504
1858
0
0
0
0
0
0
-110
-1855
-9032
-28779
-51012
-39539
15441
52059
37028
10478
352
0
-210
-1255
-5381
-22373
-39059
-22408
30526
50110
18126
1538
0
0
0
0
0
0
-1195
-3640
-18386
-44400
-54690
-10631
51999
48837
20417
1848
0
0
-1255
-5835
-18801
-41547
-50430
-3398
54035
44176
9640
396
0
0
0
0
0
0
-3865
-14474
-37614
-58771
-33571
37497
66786
28596
2436
0
-40
-530
-1406
-10042
-31359
-50341
-25520
39320
54642
21250
1598
0
0
0
0
0
0
0
-5881
-24852
-56904
-58212
3394
72942
65693
21041
9823
5185
5655
4376
-2077
-17608
-39421
-37908
14947
63001
36495
6472
132
0
0
0
0
0
0
0
-9769
-39150
-74042
-55325
20474
72596
49179
24340
20862
16412
12772
6513
-5578
-27797
-41518
-8314
54233
54194
15193
1012
0
0
0
0
0
0
0
0
-10919
-43612
-81035
-54324
6132
36171
18616
14125
13029
4998
-4262
-11633
-25686
-37723
-14188
34039
68367
32252
1738
0
0
0
0
0
0
0
0
0
-8924
-33670
-62902
-52130
-17042
-1452
-7070
380
-771
-7438
-16052
-29700
-41481
-31771
22227
62937
55612
11342
0
0
0
0
0
0
0
0
0
0
-5288
-23441
-44752
-45056
-28785
-19481
-16331
-3425
-443
-7987
-19476
-33098
-42506
-4404
49669
62353
32524
3259
0
0
0
0
0
0
0
0
0
0
-1200
-8520
-21697
-29219
-26142
-27843
-23268
-7876
-261
-6726
-20219
-34568
-39534
18099
65923
49599
12137
374
0
0
0
0
0
0
0
0
0
0
0
-384
-2368
-6984
-13720
-17868
-12211
1605
1598
-9529
-30081
-53986
-37158
43126
64742
27362
2590
0
0
0
0
0
0
0
0
0
0
0
0
0
0
0
0
0
0
0
-4755
-19269
-49072
-61610
-3323
66199
49738
8708
220
0
0
0
0
0
0
0
0
0
0
0
0
0
0
0
0
0
0
-520
-7667
-33005
-63356
-44809
36329
72646
29108
2823
0
0
0
0
0
0
0
0
0
0
0
0
0
0
0
0
0
0
0
-2860
-15485
-47198
-70319
-15408
62384
63636
15463
1654
1185
0
0
0
0
0
0
0
0
0
0
0
0
0
0
0
0
0
0
-5720
-27230
-60982
-62826
17382
79566
52498
12569
12186
7265
0
0
0
0
0
0
0
0
0
0
0
0
0
0
0
0
0
0
-9672
-38242
-75194
-49239
41969
73349
33780
15177
16761
7556
0
0
0
0
0
0
0
0
0
0
0
0
0
0
0
0
0
0
-14340
-51124
-84527
-43858
31592
49117
13903
12506
22643
9647
0
0
0
0
0
0
0
0
0
0
0
0
0
0
0
0
0
0
-13946
-49429
-81210
-36986
15341
20543
9735
24039
27762
8286
0
0
0
0
0
0
0
0
0
0
0
0
0
0
0
0
0
0
-11416
-37978
-61857
-35159
1019
12413
16551
28965
20631
2922
0
0
0
0
0
0
0
0
0
0
0
0
0
0
0
0
0
0
-6672
-25094
-39885
-24551
1115
17722
19821
13111
3721
308
0
0
0
0
0
0
0
0
0
0
0
0
0
0
0
0
0
0
-1440
-7680
-14422
-8029
8301
9367
2658
623
66
0
0
0
0
0
0
0
0
0
0
0
0
0
0
0
0
0
0
0
0
0
0
0
0
0
0
0
0
0
0
0
0
0
0
0
0
0
0
0
0
0
0
0
0
0
0
0
0
0
0
0
0
0
0
0
0
0
0
0
0
0
0
0
0
0
0
0
0
0
0
0
0
0
0
0
0
0
0
0
0
0
0
0
0
0
0
0
0
0
0
0
0
0
0
0
0
0
0
0
0
0
0
0
0
0
0
0
0
0
0
0
0
0
0
0
0
0
0
0
0
0
0
0
0
0
0
0
-473
-4832
-10081
-14665
-11672
-5185
-1224
-128
0
0
0
0
-301
-2082
-3190
-4077
-1882
-390
-16
0
0
0
0
0
0
0
0
-344
-6775
-24867
-35213
-30144
-19798
-6545
-766
96
0
0
0
-301
-5962
-17436
-21400
-18789
-8958
-1568
-132
0
0
0
0
0
0
0
-430
-5578
-25520
-37020
-35809
-19247
-3464
-1506
-534
-416
0
0
0
-3751
-22252
-34090
-28058
-16700
-5154
-1138
56
0
0
0
0
0
0
0
-2625
-18386
-30365
-20413
-4336
8852
14588
10688
1639
592
0
0
-903
-14323
-26724
-21521
-13282
726
4759
-502
-394
0
0
0
0
0
0
-473
-7592
-23044
-17121
9563
25965
26772
17827
7689
2293
-80
0
-903
-8641
-27026
-18298
2781
8681
16939
12695
4438
656
0
0
0
0
0
0
-4715
-17321
-20622
2909
21926
31990
21522
5635
-704
-420
0
0
-4588
-21963
-23032
252
16826
23384
14824
3394
554
-90
0
0
0
0
0
0
-12225
-20784
-7769
14403
18677
19151
11464
1448
5
0
-172
-3051
-14812
-29546
-9490
14971
22731
20114
8308
360
-28
0
0
0
0
0
0
0
-8728
-10484
1208
7038
-2646
-8621
-14656
-10878
-9356
-10223
-14031
-27267
-37965
-27623
6894
21071
25044
15408
3420
1092
-30
0
0
0
0
0
0
0
3406
8721
8823
-7480
-24024
-34400
-42200
-40686
-38980
-42799
-47648
-51187
-42879
-10376
16699
21987
16597
5008
908
-230
0
0
0
0
0
0
0
0
16073
26076
25775
7173
-13084
-31647
-44205
-46764
-44247
-37953
-37220
-29290
-15596
14158
20199
20334
12446
-425
-395
0
0
0
0
0
0
0
0
0
17193
38340
45377
38801
29721
16967
16074
13272
10539
18451
9271
10352
21154
33699
26788
16775
5662
2036
0
0
0
0
0
0
0
0
0
0
9331
30281
44073
48684
57003
58251
57895
58040
56135
50291
37975
32876
39140
36291
23490
12200
291
209
0
0
0
0
0
0
0
0
0
0
1900
10980
20661
29032
38342
44201
43741
46086
43452
18459
12245
19261
21752
23239
16726
5605
1645
-85
0
0
0
0
0
0
0
0
0
0
0
608
2848
7000
13620
15848
11667
6990
-2084
-18014
-7636
8214
15561
15764
8570
887
-30
0
0
0
0
0
0
0
0
0
0
0
0
0
0
0
0
0
0
0
-12533
-14582
1647
11558
17079
12725
2275
-207
-50
0
0
0
0
0
0
0
0
0
0
0
0
0
0
0
0
0
0
-2236
-13965
-6962
12943
14843
17514
11748
2908
755
0
0
0
0
0
0
0
0
0
0
0
0
0
0
0
0
0
0
0
-10296
-11911
-2887
13350
15835
11902
4341
-664
-818
-120
0
0
0
0
0
0
0
0
0
0
0
0
0
0
0
0
0
0
-14560
-5771
5409
5277
2112
-7291
-17314
-12502
-4685
-550
0
0
0
0
0
0
0
0
0
0
0
0
0
0
0
0
0
0
-6396
2723
7650
-7103
-25114
-28984
-20680
-10126
-2582
-22
0
0
0
0
0
0
0
0
0
0
0
0
0
0
0
0
0
0
7342
15973
12468
-3795
-6484
-1885
441
4656
2354
-1441
0
0
0
0
0
0
0
0
0
0
0
0
0
0
0
0
0
0
20872
31334
34123
35034
36796
34510
21981
14393
8646
2521
0
0
0
0
0
0
0
0
0
0
0
0
0
0
0
0
0
0
22012
41550
48104
51453
51685
38217
23142
9987
1037
118
0
0
0
0
0
0
0
0
0
0
0
0
0
0
0
0
0
0
11714
29179
34581
28347
23839
12862
1354
-1987
-694
-70
0
0
0
0
0
0
0
0
0
0
0
0
0
0
0
0
0
0
2280
8780
10434
5259
-856
-2008
-587
-145
-15
0
0
0
0
0
0
0
0
0
0
0
0
0
0
0
0
0
0
0
0
0
0
0
0
0
0
0
0
0
0
0
0
0
0
0
0
