0
0
0
0
0
0
0
0
0
0
0
0
0
0
0
0
0
0
0
0
0
0
0
0
0
0
0
0
0
0
0
0
0
0
0
0
0
0
0
0
0
0
0
0
0
0
0
0
0
0
0
0
0
0
0
0
0
0
0
0
0
0
0
0
0
0
0
0
0
0
0
0
0
0
0
0
0
0
0
0
0
0
0
0
0
0
0
0
0
0
0
0
0
0
0
0
0
0
0
0
0
0
0
0
0
0
0
0
0
0
0
0
0
0
0
0
0
0
0
0
0
0
0
0
0
0
0
0
0
0
0
0
0
0
0
0
0
0
0
0
0
0
0
0
0
0
0
0
0
0
0
-648
-2070
-4586
-7864
-10426
-8189
-2954
941
1325
739
90
0
0
0
0
0
0
0
0
0
0
0
0
0
0
0
-792
-4034
-10658
-15705
-17858
-18640
-15973
-7006
-1472
-2750
-5484
-2931
1003
2544
459
15
0
0
0
0
0
0
0
0
0
0
-828
-4093
-11097
-19650
-24128
-18387
-9339
-1659
3823
7116
1216
-5647
-8298
609
6821
5599
723
200
0
0
0
0
0
0
0
0
0
-2736
-10444
-20154
-24536
-20157
-5821
13764
27009
31531
17638
5241
-3778
-6481
-9893
2502
6348
3528
607
-313
50
0
0
0
0
0
0
-144
-2504
-14137
-26564
-24237
-6892
17010
36340
41321
31808
14996
-15570
-16455
-6072
-5561
-14897
-9115
-3014
2546
-1060
-4309
-150
0
0
0
0
0
0
-1600
-11416
-28474
-23664
7973
35849
46227
33323
10590
-10725
-23143
-37327
-17151
-7443
-19861
-27592
-11172
5118
9203
-6328
-12856
-800
0
0
0
0
0
0
-4288
-20220
-23683
5691
37113
38221
12230
-21365
-36169
-38515
-33211
-31633
-11164
-10085
-16218
-13186
10460
21784
3277
-18659
-19030
-1390
0
0
0
0
0
0
-4804
-15565
-3501
19610
24857
-2423
-37211
-48986
-34924
-23498
-17823
-9867
-145
-3915
4310
13325
28140
21973
-16966
-29347
-15721
-872
0
0
0
0
0
0
-1079
-2256
10614
18154
4828
-27414
-35392
-19013
-98
-1361
-4289
5124
10915
9994
19697
28657
21623
-8032
-34557
-25939
-7698
-158
0
0
0
0
0
0
1649
4893
13732
12386
-1963
-12273
2295
13331
9805
-2351
-4240
3100
7131
12045
20233
17255
-8933
-34817
-30673
-13120
-1547
-2
0
0
0
0
0
0
798
5119
10909
4236
-1055
2423
7714
-10
-18816
-29865
-19381
-2884
8157
18966
12172
-15446
-35831
-30347
-12290
-1574
-19
0
0
0
0
0
0
0
72
1534
1512
-1297
659
921
-6762
-24260
-42063
-33265
-4740
15443
22897
11083
-21046
-36647
-26211
-9515
-1037
-12
0
0
0
0
0
0
0
0
0
0
144
1160
698
-4688
-17262
-34410
-31253
1790
23192
31338
17867
-19277
-38250
-23308
-6566
-389
-8
0
0
0
0
0
0
0
0
0
0
0
0
0
0
-4392
-21276
-27172
1859
30315
33322
25895
-9010
-35922
-25839
-5166
-79
-1
0
0
0
0
0
0
0
0
0
0
0
0
0
0
-216
-11243
-27194
-10207
24248
33884
28339
2473
-32598
-30201
-11193
-267
0
0
0
0
0
0
0
0
0
0
0
0
0
0
0
-216
-4914
-23790
-23819
11155
32651
32219
10761
-27044
-36005
-16083
-2341
-3
0
0
0
0
0
0
0
0
0
0
0
0
0
0
0
-1860
-16089
-30319
-5195
29368
36279
21006
-17643
-37434
-21216
-3359
-29
0
0
0
0
0
0
0
0
0
0
0
0
0
0
0
0
-7038
-27461
-18857
21403
38873
31182
-4581
-35660
-26661
-6950
-32
0
0
0
0
0
0
0
0
0
0
0
0
0
0
0
0
0
-13919
-24587
2639
33607
36403
8412
-29273
-33099
-12352
-372
0
0
0
0
0
0
0
0
0
0
0
0
0
0
0
0
0
0
-14929
-11579
16029
36052
23956
-16893
-36103
-19232
-2666
-4
0
0
0
0
0
0
0
0
0
0
0
0
0
0
0
0
0
0
-6337
5237
26647
35165
-500
-33726
-27498
-6881
-33
0
0
0
0
0
0
0
0
0
0
0
0
0
0
0
0
0
0
0
2521
13372
22965
13437
-23527
-31904
-14753
-956
0
0
0
0
0
0
0
0
0
0
0
0
0
0
0
0
0
0
0
0
3882
10949
7591
-10985
-23288
-16947
-4472
-12
0
0
0
0
0
0
0
0
0
0
0
0
0
0
0
0
0
0
0
0
0
0
0
0
0
0
0
0
0
0
0
0
0
0
0
0
0
0
0
0
0
0
0
0
0
0
0
0
0
0
0
0
0
0
0
0
0
0
0
0
0
0
0
0
0
0
0
0
0
0
0
0
0
0
0
0
0
0
0
0
0
0
0
0
0
0
0
0
0
0
0
0
0
0
0
0
0
0
0
0
0
0
0
0
0
0
0
0
0
0
0
0
0
0
0
0
0
0
0
0
0
0
0
0
0
0
0
0
0
0
0
0
0
0
0
0
0
0
0
0
0
0
0
0
0
0
0
0
0
0
0
0
0
0
0
0
0
0
0
0
0
0
0
0
1152
1738
3998
4858
2058
-4637
-11354
-14308
-11082
-4913
-1530
0
0
0
0
0
0
0
0
0
0
0
0
0
0
0
1408
4798
8262
8505
6004
1643
-5500
-16207
-28926
-34961
-31979
-26295
-19400
-12795
-6528
-255
0
0
0
0
0
0
0
0
0
0
1472
4795
8735
12201
13286
6639
-4391
-12366
-13747
-22627
-28667
-35308
-39270
-43534
-46734
-36084
-21955
-4801
0
0
0
0
0
0
0
0
0
4864
8962
13434
15801
9883
4295
-8507
-16226
-13043
4745
3859
-66
-11496
-27844
-32542
-58529
-53327
-37476
-17926
-850
0
0
0
0
0
0
256
4020
13439
21044
22149
12030
-4945
-8698
-10523
-7876
4828
39628
52565
46997
36410
8009
-3290
-53192
-69770
-52260
-30004
-2120
0
0
0
0
0
0
2600
12502
25914
34148
21190
-763
-15632
-11875
4292
18298
29458
58482
71441
61448
61787
49668
30963
-28576
-72560
-62057
-30213
-1780
0
0
0
0
0
0
5364
23908
43572
47946
18532
-12063
-14296
-2194
14018
14991
15188
35349
50427
40987
45345
48423
24459
-22394
-62836
-56786
-21108
-824
0
0
0
0
0
0
6342
35388
60093
60150
29886
-5370
-12767
-8204
-2206
-9187
-14573
-2887
16036
10676
9135
18912
10470
-20414
-41376
-32199
-9498
-388
0
0
0
0
0
0
6651
35773
66121
72001
45661
10003
-3861
-11357
-17841
-17419
-12050
-6724
6508
10078
-843
-7645
-10429
-15547
-16363
-8600
-3286
-136
0
0
0
0
0
0
4058
27458
60011
73431
60572
34724
15788
4184
8316
16756
21648
16551
2365
-1297
-1848
-5851
-6146
-2813
-572
-1204
-1068
-18
0
0
0
0
0
0
767
13137
38847
60224
64803
52221
37920
37509
53347
66220
64586
42642
14105
-1955
-9104
-6025
4741
8436
3698
-389
-171
0
0
0
0
0
0
0
44
1337
10775
29980
48004
51571
48419
52501
68781
83021
70317
28581
-2360
-15338
-12982
3810
6373
2120
-361
-108
0
0
0
0
0
0
0
0
0
0
88
1508
8423
19919
34586
45532
60509
65498
41407
5892
-21172
-25098
-7436
6530
2239
-306
-72
0
0
0
0
0
0
0
0
0
0
0
0
0
0
6158
22340
40590
48604
32412
6941
-15716
-30706
-20326
-2863
296
-392
-9
0
0
0
0
0
0
0
0
0
0
0
0
0
0
384
14969
36999
55529
47754
14338
-8415
-23911
-25850
-9609
-2525
-474
0
0
0
0
0
0
0
0
0
0
0
0
0
0
0
384
7722
25003
51496
58574
31677
-3076
-22545
-24213
-9803
-1331
-1465
-27
0
0
0
0
0
0
0
0
0
0
0
0
0
0
0
2940
17251
39059
57996
46659
8645
-19612
-29992
-15353
152
-404
-261
0
0
0
0
0
0
0
0
0
0
0
0
0
0
0
0
10040
29685
52569
54117
23021
-12991
-29695
-25888
-7233
-1414
-288
0
0
0
0
0
0
0
0
0
0
0
0
0
0
0
0
0
18705
47186
63274
43425
-1086
-26959
-31102
-12164
-1181
-776
0
0
0
0
0
0
0
0
0
0
0
0
0
0
0
0
0
0
24154
59838
69122
41245
-11148
-33842
-23356
-4402
-1499
-36
0
0
0
0
0
0
0
0
0
0
0
0
0
0
0
0
0
0
23312
60639
68151
34568
-6314
-22415
-10039
-1498
-297
0
0
0
0
0
0
0
0
0
0
0
0
0
0
0
0
0
0
0
15962
51062
63049
35428
3679
-5689
-3059
-888
0
0
0
0
0
0
0
0
0
0
0
0
0
0
0
0
0
0
0
0
6283
30170
45787
33686
10122
-384
-1698
-108
0
0
0
0
0
0
0
0
0
0
0
0
0
0
0
0
0
0
0
0
0
0
0
0
0
0
0
0
0
0
0
0
0
0
0
0
0
0
0
0
0
0
0
0
0
0
0
0
0
0
0
0
0
0
0
0
0
0
0
0
0
0
0
0
0
0
0
0
0
0
0
0
0
0
0
0
0
0
0
0
0
0
0
0
0
0
0
0
0
0
0
0
0
0
0
0
0
0
0
0
0
0
0
0
0
0
0
0
0
0
0
0
0
0
0
0
0
0
0
0
0
0
0
0
0
0
0
0
0
0
0
0
0
0
0
0
0
0
0
0
0
0
0
0
0
0
0
0
0
0
0
0
0
0
0
0
0
0
0
0
0
0
0
0
-144
-566
-1904
-4172
-7520
-10577
-11759
-9460
-5470
-2014
-468
0
0
0
0
0
0
0
0
0
0
0
0
0
0
0
-176
-1026
-4454
-10813
-20267
-31437
-41492
-45833
-47880
-44602
-35439
-22724
-13663
-6168
-2082
-78
0
0
0
0
0
0
0
0
0
0
-184
-1045
-4760
-14070
-28066
-42061
-56355
-68872
-75824
-75480
-76906
-76688
-73025
-60379
-46689
-30804
-15004
-1733
0
0
0
0
0
0
0
0
0
-608
-3737
-13082
-27705
-43733
-58310
-67954
-67757
-58901
-52584
-47534
-48976
-56780
-69449
-68055
-63726
-49814
-32555
-10503
-260
0
0
0
0
0
0
-32
-580
-6873
-20279
-37264
-54099
-65773
-60423
-43836
-19737
4900
12267
14774
2467
-15509
-36738
-40895
-54627
-50738
-39755
-23714
-1530
0
0
0
0
0
0
-524
-5693
-20220
-37712
-51580
-56002
-42948
-15716
10715
29542
39536
31275
28725
21594
4135
-22263
-28796
-41459
-47033
-36266
-24760
-1932
0
0
0
0
0
0
-2548
-13826
-27937
-38397
-39252
-30359
-9757
8915
19922
16469
8674
2389
-8584
-12725
-21055
-36353
-41185
-36752
-33634
-24281
-12886
-424
0
0
0
0
0
0
-3239
-13361
-16366
-18459
-20697
-26273
-27405
-30106
-34467
-47832
-58881
-51974
-57944
-56456
-51575
-46714
-35668
-25719
-16548
-10699
-1484
288
0
0
0
0
0
0
92
1130
3384
2993
-5754
-33150
-56338
-69897
-74953
-78554
-81485
-72778
-73570
-69023
-52504
-31468
-8563
-3895
1253
2999
2272
58
0
0
0
0
0
0
4296
15137
22926
24546
12339
-5795
-21462
-34543
-39700
-40456
-43745
-47932
-47831
-40340
-22118
-2683
7320
9597
10645
6217
621
-6
0
0
0
0
0
0
3458
15495
25880
31921
31473
33651
34884
31733
23687
11530
-1174
-15641
-25403
-17161
266
13155
14943
12070
5770
446
-57
0
0
0
0
0
0
0
360
8018
15457
22521
29012
33823
37582
35612
21670
4029
-11460
-19917
-16830
-2052
8360
13548
11791
4879
265
-36
0
0
0
0
0
0
0
0
0
0
720
6496
12190
14619
10412
-3286
-17774
-27222
-34887
-28593
-11268
-1506
1829
9098
3143
-69
-24
0
0
0
0
0
0
0
0
0
0
0
0
0
0
-2113
-13118
-28656
-34752
-38757
-36484
-17785
-8654
-5304
863
2156
-133
-3
0
0
0
0
0
0
0
0
0
0
0
0
0
0
-48
-5805
-19267
-27732
-30640
-31350
-19917
-9418
-4420
2555
3262
-3
0
0
0
0
0
0
0
0
0
0
0
0
0
0
0
-48
-1380
-12476
-22952
-25683
-26495
-22390
-7620
-5098
1057
6126
1003
-9
0
0
0
0
0
0
0
0
0
0
0
0
0
0
0
-666
-9161
-21966
-25407
-30463
-27608
-13960
-7468
-2416
4222
1451
-87
0
0
0
0
0
0
0
0
0
0
0
0
0
0
0
0
-3325
-17238
-25447
-28702
-27889
-21425
-11309
-6656
1500
3182
-96
0
0
0
0
0
0
0
0
0
0
0
0
0
0
0
0
0
-8096
-19595
-20617
-22758
-20412
-12305
-8654
-1716
3462
-52
0
0
0
0
0
0
0
0
0
0
0
0
0
0
0
0
0
0
-8655
-8899
-10962
-8159
-13834
-12654
-6566
2905
1196
-12
0
0
0
0
0
0
0
0
0
0
0
0
0
0
0
0
0
0
-82
3107
7238
16672
2153
-7301
-2308
2341
-99
0
0
0
0
0
0
0
0
0
0
0
0
0
0
0
0
0
0
0
11184
19889
29941
31345
21287
7806
3029
324
0
0
0
0
0
0
0
0
0
0
0
0
0
0
0
0
0
0
0
0
11962
23213
30127
24001
17853
10143
2196
-36
0
0
0
0
0
0
0
0
0
0
0
0
0
0
0
0
0
0
0
0
0
0
0
0
0
0
0
0
0
0
0
0
0
0
0
0
0
0
0
0
0
0
0
0
0
0
0
0
0
0
0
0
0
0
0
0
0
0
0
0
0
0
0
0
0
0
0
0
0
0
0
0
0
0
0
0
0
0
0
0
0
0
0
0
0
0
0
0
0
0
0
0
0
0
0
0
0
0
0
0
0
0
0
0
0
0
0
0
0
0
0
0
0
0
0
0
0
0
0
0
0
0
0
0
0
0
0
0
0
0
0
0
0
0
0
0
0
0
0
0
0
0
0
0
0
0
0
0
0
0
0
0
0
0
0
0
0
0
0
0
0
0
0
0
1638
3556
7900
14824
19351
19449
20378
19390
13175
5781
1566
0
0
0
0
0
0
0
0
0
0
0
0
0
0
0
2002
8148
15943
22075
32887
45297
53420
57863
60555
55531
44864
31069
21963
16209
6807
261
0
0
0
0
0
0
0
0
0
0
2093
8204
16416
24629
36536
50540
62900
68773
73328
67026
57525
54312
54166
49117
41562
31086
16804
4599
0
0
0
0
0
0
0
0
0
6916
16007
22296
34957
51500
65049
67666
61314
50611
44364
23661
18908
30587
33761
37095
36422
28386
21711
12890
870
0
0
0
0
0
0
364
5957
18674
26284
39988
60547
68472
65977
47333
15859
-13707
-17108
-29944
-19770
7455
12950
18366
11419
17513
17243
10340
1120
0
0
0
0
0
0
3468
16039
29348
40568
59017
68438
50502
19086
-24351
-53750
-64401
-47569
-36530
-12239
4762
-3338
17577
-3976
880
-291
-8605
-616
0
0
0
0
0
0
5339
22579
38173
55530
64183
51122
13682
-23758
-45491
-38626
-18370
1915
18791
27563
37529
21840
34653
3425
-13909
-25231
-30062
-2260
0
0
0
0
0
0
4508
24452
37800
48405
41255
18379
-6940
-14589
7315
30224
50415
60966
78192
66621
58422
33264
19738
-5780
-42465
-52047
-35494
-2268
0
0
0
0
0
0
3761
14877
17983
20349
4872
-19217
-13770
10247
43772
58094
63694
63559
76551
64587
39817
19581
-8455
-39503
-66231
-54779
-23298
-1044
0
0
0
0
0
0
-289
4244
5935
-1520
-17630
-37830
-23131
-2639
19995
28093
31041
40134
41490
25368
3467
-21300
-52943
-68339
-60047
-34460
-8990
-158
0
0
0
0
0
0
-2011
-3940
-3730
-9456
-19445
-35736
-37334
-34696
-21864
-16494
-5801
7806
1617
-11576
-32559
-61406
-71944
-60592
-34309
-12379
-1501
0
0
0
0
0
0
0
-236
-5217
-9029
-14645
-21769
-32269
-36779
-34613
-23704
-6796
17685
16556
-6975
-28928
-56801
-70160
-54445
-28640
-8799
-948
0
0
0
0
0
0
0
0
0
0
-472
-4180
-7847
-11400
-6446
72
13215
40891
49421
18013
-16921
-47807
-66005
-50633
-23683
-6764
-632
0
0
0
0
0
0
0
0
0
0
0
0
0
0
7211
23926
36959
54608
67420
44453
755
-37088
-61839
-53859
-19955
-3960
-79
0
0
0
0
0
0
0
0
0
0
0
0
0
0
546
16387
34217
43590
60861
51356
9158
-26148
-58003
-59263
-30557
-3936
0
0
0
0
0
0
0
0
0
0
0
0
0
0
0
546
10998
29049
38077
55767
58112
20417
-20895
-50834
-64506
-39958
-12245
-237
0
0
0
0
0
0
0
0
0
0
0
0
0
0
0
3837
19561
33915
46255
60787
39662
-7808
-43355
-63710
-48415
-16204
-2291
0
0
0
0
0
0
0
0
0
0
0
0
0
0
0
0
11702
30638
38438
55873
51589
12053
-28749
-58345
-54075
-22554
-2528
0
0
0
0
0
0
0
0
0
0
0
0
0
0
0
0
0
17912
36657
43695
51256
28014
-16132
-50123
-60623
-33661
-6512
0
0
0
0
0
0
0
0
0
0
0
0
0
0
0
0
0
0
18187
29666
36846
23545
-4742
-37718
-59034
-44386
-12763
-316
0
0
0
0
0
0
0
0
0
0
0
0
0
0
0
0
0
0
11752
16643
13597
-5628
-40729
-62326
-54930
-22854
-2607
0
0
0
0
0
0
0
0
0
0
0
0
0
0
0
0
0
0
0
2139
9119
-3788
-25148
-59475
-63589
-37105
-6896
0
0
0
0
0
0
0
0
0
0
0
0
0
0
0
0
0
0
0
0
-4259
-1941
-12272
-26915
-45608
-40554
-17090
-948
0
0
0
0
0
0
0
0
0
0
0
0
0
0
0
0
0
0
0
0
0
0
0
0
0
0
0
0
0
0
0
0
0
0
0
0
0
0
0
0
0
0
0
0
0
0
0
0
0
0
0
0
0
0
0
0
0
0
0
0
0
0
0
0
0
0
0
0
0
0
0
0
0
0
0
0
0
0
0
0
0
0
0
0
0
0
0
0
0
0
0
0
0
0
0
0
0
0
0
0
0
0
0
0
0
0
0
0
0
0
0
0
0
0
0
0
0
0
0
0
0
0
0
0
0
0
0
0
0
0
0
0
0
0
0
0
0
0
0
0
0
0
0
0
0
0
0
0
0
0
0
0
0
0
0
0
0
0
0
0
0
0
0
0
792
3518
8636
17112
26268
29425
22981
12492
4448
922
36
0
0
0
0
0
0
0
0
0
0
0
0
0
0
0
968
6138
17316
30363
39835
44223
46945
49523
49018
44338
37292
27322
13783
4008
288
6
0
0
0
0
0
0
0
0
0
0
1012
6265
17556
30726
38785
42111
37402
26134
19577
30762
44397
51228
49117
43161
28850
11310
1119
41
0
0
0
0
0
0
0
0
0
3344
14754
29295
38016
35751
23207
9013
-6825
-19374
-22337
-8619
6622
21619
33951
48667
48021
28944
5581
-413
20
0
0
0
0
0
0
176
3280
13857
27041
33309
25262
5448
-14313
-26530
-28835
-28968
-32892
-25230
-19779
-13238
1450
38166
50430
40557
12820
-2193
-190
0
0
0
0
0
0
1576
9802
17607
19543
12071
-4118
-20344
-27977
-23302
-18031
-16430
-34433
-25144
-14172
-4612
-9247
13773
30537
27524
14493
-2015
-316
0
0
0
0
0
0
1136
3058
980
4172
3962
1378
5408
11054
17977
18027
23468
3473
8647
12447
12900
-6165
-8358
13427
14669
9581
-1806
18
0
0
0
0
0
0
-4094
-18201
-22763
-8460
17590
34215
39563
37243
40893
41965
40736
24778
22372
17266
6757
-6547
-18719
-4158
4865
2192
-3869
-252
0
0
0
0
0
0
-7757
-32152
-48758
-39631
-612
19215
23106
15825
16698
22952
26043
21249
14041
11345
-5629
-22457
-16385
-3436
2036
-2906
-4066
-366
0
0
0
0
0
0
-5348
-28663
-48707
-52529
-36056
-26990
-24598
-26639
-21110
-8788
5156
13533
7872
-6355
-19454
-22069
-11870
-4727
-2260
-4381
-2963
-80
0
0
0
0
0
0
-1526
-14370
-26148
-37958
-45379
-45512
-39184
-32587
-24116
-15749
-5097
474
-10516
-24071
-21901
-11601
-6189
-4013
-5935
-4873
-760
0
0
0
0
0
0
0
-120
-2778
-8146
-16404
-24439
-30324
-26103
-14169
-9305
-11142
-9348
-8502
-13998
-15107
-10184
-5995
-4168
-5427
-3540
-480
0
0
0
0
0
0
0
0
0
0
-240
-2376
-5766
-5710
839
7626
1306
-4339
-8269
-8447
-4547
-4330
-6181
-5022
-5934
-3167
-320
0
0
0
0
0
0
0
0
0
0
0
0
0
0
2806
8569
8099
4762
-1045
-10524
-3740
57
442
-5549
-5195
-1983
-40
0
0
0
0
0
0
0
0
0
0
0
0
0
0
264
3253
2122
24
73
-4850
-8707
-2214
137
-1738
-4535
-1749
0
0
0
0
0
0
0
0
0
0
0
0
0
0
0
264
5766
10929
2092
-1532
-4690
-5965
-3096
-2523
-2709
-4688
-3776
-120
0
0
0
0
0
0
0
0
0
0
0
0
0
0
0
1704
9731
6087
38
-5348
-5951
-1894
-1530
-987
-5493
-4963
-1160
0
0
0
0
0
0
0
0
0
0
0
0
0
0
0
0
3868
5732
-1951
-2637
-5605
-2791
1745
258
-4372
-4368
-1280
0
0
0
0
0
0
0
0
0
0
0
0
0
0
0
0
0
45
-8538
-6363
-7315
-1293
3646
769
-2299
-5271
-2972
0
0
0
0
0
0
0
0
0
0
0
0
0
0
0
0
0
0
-12918
-27655
-21546
-6333
3026
1697
-386
-5059
-3691
-160
0
0
0
0
0
0
0
0
0
0
0
0
0
0
0
0
0
0
-23963
-46109
-50633
-17074
1135
1746
-4756
-4815
-1320
0
0
0
0
0
0
0
0
0
0
0
0
0
0
0
0
0
0
0
-20752
-44395
-46833
-16152
1816
925
-4810
-2516
0
0
0
0
0
0
0
0
0
0
0
0
0
0
0
0
0
0
0
0
-9214
-24116
-21388
-11654
-3733
-3537
-3998
-480
0
0
0
0
0
0
0
0
0
0
0
0
0
0
0
0
0
0
0
0
0
0
0
0
0
0
0
0
0
0
0
0
0
0
0
0
0
0
0
0
0
0
0
0
0
0
0
0
0
0
0
0
0
0
0
0
0
0
0
0
0
0
0
0
0
0
0
0
0
0
0
0
0
0
0
0
0
0
0
0
0
0
0
0
0
0
0
0
0
0
0
0
0
0
0
0
0
0
0
0
0
0
0
0
0
0
0
0
0
0
0
0
0
0
0
0
0
0
0
0
0
0
0
0
0
0
0
0
0
0
0
0
0
0
0
0
0
0
0
0
0
0
0
0
0
0
0
0
0
0
0
0
0
0
0
0
0
0
0
0
0
0
0
0
702
2550
5658
11492
16385
17768
14448
9533
4172
1406
180
0
0
0
0
0
0
0
0
0
0
0
0
0
0
0
858
4746
11279
18554
24667
30703
36700
44722
49156
45744
34683
22105
10712
5073
906
30
0
0
0
0
0
0
0
0
0
0
897
4827
11361
18025
24511
32242
37665
38480
38793
44496
54714
66245
64657
56160
39205
21825
7016
634
0
0
0
0
0
0
0
0
0
2964
10282
16608
24016
29470
29699
25355
16752
9136
-205
-2581
3544
30837
46272
61233
63701
47592
25486
4038
100
0
0
0
0
0
0
156
2781
8737
16548
24050
29211
22054
9141
-3026
-17130
-26037
-35003
-38899
-48147
-30440
-13083
14276
44599
50379
43259
12702
480
0
0
0
0
0
0
1328
6526
12662
15920
15507
9700
3219
-10745
-21831
-28835
-30382
-37948
-37402
-34790
-26044
-23253
-21578
11488
29870
39347
20901
1340
0
0
0
0
0
0
611
3599
4997
4008
6784
4221
4590
-2791
-2897
22
5872
5871
1340
-1012
2404
6813
-19179
-9337
10753
19500
17608
1336
0
0
0
0
0
0
-2147
-9015
-12492
-10101
5580
19732
27177
27625
30202
36619
39533
38338
32329
23151
14016
14518
-3119
-11308
-2628
3276
7336
218
0
0
0
0
0
0
-3757
-18393
-35205
-42641
-19628
12142
29397
36505
36712
45177
49246
48028
38757
23203
5307
-5303
-8319
-14183
-10902
-2764
-75
-226
0
0
0
0
0
0
-1727
-11924
-32434
-57920
-63711
-43554
-21689
-9275
-8600
-3634
3260
11158
11898
3743
-6109
-16629
-19064
-18770
-14059
-5412
-1857
-58
0
0
0
0
0
0
657
-2904
-14818
-37499
-62888
-70157
-62132
-47644
-39952
-36583
-28228
-15250
-10949
-14081
-18446
-17889
-15584
-12705
-8706
-4082
-551
0
0
0
0
0
0
0
100
2211
3165
-4227
-19330
-34625
-41159
-34048
-27189
-26040
-24373
-20237
-16105
-12763
-16213
-16568
-13099
-7246
-2905
-348
0
0
0
0
0
0
0
0
0
0
200
1772
2773
1418
1157
4453
4229
3642
-3099
-10008
-5446
-3247
-8766
-10050
-6824
-2607
-232
0
0
0
0
0
0
0
0
0
0
0
0
0
0
2022
6682
8403
8124
7302
-1813
-3345
-2296
-1929
-1310
-4633
-1479
-29
0
0
0
0
0
0
0
0
0
0
0
0
0
0
234
3088
4850
293
1329
-942
-5579
-7651
-9453
-4496
-492
-1209
0
0
0
0
0
0
0
0
0
0
0
0
0
0
0
234
4818
7995
2776
-1467
-5230
-9338
-4326
-7784
-9285
-5747
-2291
-87
0
0
0
0
0
0
0
0
0
0
0
0
0
0
0
1407
5856
8684
6423
2049
-7879
-4169
-3848
-5135
-3498
-4167
-841
0
0
0
0
0
0
0
0
0
0
0
0
0
0
0
0
3093
6842
3244
1248
-773
-4478
-2591
-5170
-3701
-2586
-928
0
0
0
0
0
0
0
0
0
0
0
0
0
0
0
0
0
586
-1158
-5403
-5679
-8565
-564
-3618
-3259
-2041
-2076
0
0
0
0
0
0
0
0
0
0
0
0
0
0
0
0
0
0
-6274
-10960
-16910
-14873
-5895
-1873
-4303
-2070
-2192
-116
0
0
0
0
0
0
0
0
0
0
0
0
0
0
0
0
0
0
-11238
-28251
-43228
-36293
-10096
-2228
-858
-2293
-957
0
0
0
0
0
0
0
0
0
0
0
0
0
0
0
0
0
0
0
-7043
-23983
-46273
-52348
-27858
-6595
21
-1588
0
0
0
0
0
0
0
0
0
0
0
0
0
0
0
0
0
0
0
0
-927
-10029
-23370
-36358
-31494
-11873
-2332
-348
0
0
0
0
0
0
0
0
0
0
0
0
0
0
0
0
0
0
0
0
0
0
0
0
0
0
0
0
0
0
0
0
0
0
0
0
0
0
0
0
0
0
0
0
0
0
0
0
0
0
0
0
0
0
0
0
0
0
0
0
0
0
0
0
0
0
0
0
0
0
0
0
0
0
0
0
0
0
0
0
0
0
0
0
0
0
0
0
0
0
0
0
0
0
0
0
0
0
0
0
0
0
0
0
0
0
0
0
0
0
0
0
0
0
0
0
0
0
0
0
0
0
0
0
0
0
0
0
0
0
0
0
0
0
0
0
0
0
0
0
0
0
0
0
0
0
0
0
0
0
0
0
0
0
0
0
0
0
0
0
0
0
0
0
-180
260
448
2244
5696
9168
12386
13350
10083
4469
1422
0
0
0
0
0
0
0
0
0
0
0
0
0
0
0
-220
-100
832
1960
4020
5926
6894
10006
18592
25700
26524
22612
16709
11493
6051
237
0
0
0
0
0
0
0
0
0
0
-230
-70
678
92
-1924
-2243
-1564
-1103
-4404
-2951
4167
17411
24440
24591
27305
22990
15835
4297
0
0
0
0
0
0
0
0
0
-760
305
-1044
-4013
-3619
-8051
-12550
-15274
-13874
-18969
-19431
-11172
5221
15580
14334
33257
39419
29883
13932
790
0
0
0
0
0
0
-40
-510
-1966
-6949
-12248
-13319
-15074
-21413
-21442
-17261
-13186
-17828
-21135
-19859
-7328
2325
1388
28131
52305
46028
23788
1420
0
0
0
0
0
0
-500
-2655
-8190
-19632
-29140
-27291
-21260
-17994
-13191
-3510
6725
-3574
-26671
-37141
-16383
-15148
-9123
26444
56335
59441
31650
1728
0
0
0
0
0
0
-1710
-8741
-24146
-44301
-47915
-22830
1129
18604
27790
29087
30657
10621
-19607
-38854
-10758
-22556
-25228
12111
53895
70862
31986
1896
0
0
0
0
0
0
-2279
-16730
-45854
-73251
-57038
-175
36445
44283
37139
29259
22618
-1286
-20510
-29523
-11373
-29613
-27605
11236
50953
67650
24640
1238
0
0
0
0
0
0
-3088
-22026
-61127
-86585
-50703
2802
32688
29374
11079
2160
-154
-11305
-24091
-22838
-11006
-18349
-7264
24488
52720
50731
12795
386
0
0
0
0
0
0
-3880
-21877
-51776
-68359
-39204
-6188
6531
-8007
-17516
-17283
-20770
-24367
-20348
-17385
-11623
3940
19413
37443
45706
25848
3613
44
0
0
0
0
0
0
-2000
-14868
-36192
-48166
-32460
-20965
-16577
-17495
-16157
-23343
-35020
-30280
-11349
2556
10757
22235
34501
37697
25734
5961
418
0
0
0
0
0
0
0
-192
-4592
-15548
-27075
-26813
-27843
-20774
-11415
-15893
-33278
-44943
-29021
-1906
18484
33145
37800
36179
20186
4058
264
0
0
0
0
0
0
0
0
0
0
-384
-4096
-12120
-16898
-10737
-8390
-24559
-47502
-52507
-26199
14047
41846
47705
34141
16105
2749
176
0
0
0
0
0
0
0
0
0
0
0
0
0
0
-1595
-6680
-20692
-43931
-58417
-45430
-3352
35597
58023
42966
12831
1205
22
0
0
0
0
0
0
0
0
0
0
0
0
0
0
-60
-3875
-14162
-40450
-64511
-49808
-12018
26697
54230
53997
20283
1239
0
0
0
0
0
0
0
0
0
0
0
0
0
0
0
-60
-1170
-5386
-28747
-59555
-63434
-24516
19363
47343
53489
32252
5098
66
0
0
0
0
0
0
0
0
0
0
0
0
0
0
0
-600
-4690
-18465
-46390
-70650
-44537
9312
43396
57454
37814
9001
638
0
0
0
0
0
0
0
0
0
0
0
0
0
0
0
0
-2525
-8745
-33598
-64319
-61408
-12103
34705
60012
47824
13432
704
0
0
0
0
0
0
0
0
0
0
0
0
0
0
0
0
0
-5886
-23130
-54866
-75163
-35811
23074
55887
56326
24624
2004
0
0
0
0
0
0
0
0
0
0
0
0
0
0
0
0
0
0
-9067
-39782
-77884
-73011
-2386
47384
63428
37158
5535
88
0
0
0
0
0
0
0
0
0
0
0
0
0
0
0
0
0
0
-11916
-46614
-87387
-58553
11384
55565
50517
13757
726
0
0
0
0
0
0
0
0
0
0
0
0
0
0
0
0
0
0
0
-12440
-41389
-69391
-33805
24930
53502
27466
2492
0
0
0
0
0
0
0
0
0
0
0
0
0
0
0
0
0
0
0
0
-8560
-30392
-44864
-15345
25406
33473
8558
264
0
0
0
0
0
0
0
0
0
0
0
0
0
0
0
0
0
0
0
0
0
0
0
0
0
0
0
0
0
0
0
0
0
0
0
0
0
0
0
0
0
0
0
0
0
0
0
0
0
0
0
0
0
0
0
0
0
0
0
0
0
0
0
0
0
0
0
0
0
0
0
0
0
0
0
0
0
0
0
0
0
0
0
0
0
0
0
0
0
0
0
0
0
0
0
0
0
0
0
0
0
0
0
0
0
0
0
0
0
0
0
0
0
0
0
0
0
0
0
0
0
0
0
0
0
0
0
0
0
0
0
0
0
0
0
0
0
0
0
0
0
0
0
0
0
0
0
0
0
0
0
0
0
0
0
0
0
0
0
0
0
0
0
0
-774
-2356
-6444
-12114
-18533
-21105
-18130
-10721
-4541
-1150
-144
0
0
0
0
0
0
0
0
0
0
0
0
0
0
0
-946
-4676
-14023
-25119
-37599
-46926
-50262
-46518
-41621
-35714
-29771
-21676
-12799
-4353
-729
-24
0
0
0
0
0
0
0
0
0
0
-989
-4740
-14696
-30906
-45063
-52015
-51721
-46507
-43044
-41762
-46896
-49033
-49140
-36623
-25128
-12496
-2775
-398
0
0
0
0
0
0
0
0
0
-3268
-12471
-29769
-44834
-49705
-45572
-31879
-10096
11010
10535
8100
-6066
-16182
-29264
-36400
-28996
-22025
-10024
-1204
-80
0
0
0
0
0
0
-172
-2965
-18346
-35503
-46844
-45697
-24884
2968
31175
49564
61336
52736
47791
30342
17370
6635
-18770
-16857
-12013
-8544
-2241
-20
0
0
0
0
0
0
-1996
-14739
-31373
-40520
-31389
-2949
29815
53621
62858
58733
49751
38738
34572
31396
16933
5071
-5687
-9050
-2647
2869
-1209
-216
0
0
0
0
0
0
-5503
-20730
-22968
-19486
3999
30168
39783
36853
17748
1990
-9823
-5748
-21918
-13694
-1757
-7578
8144
11024
10219
12049
2652
122
0
0
0
0
0
0
-2728
-6754
947
6901
15458
9514
-8730
-24577
-38982
-51178
-57120
-33501
-36584
-29982
-5383
10643
30163
27541
21081
12015
2705
268
0
0
0
0
0
0
5538
17006
27536
33816
20706
-3330
-23688
-38117
-40655
-40839
-42290
-31234
-21011
-11690
9221
43295
53934
35612
20261
5248
1736
24
0
0
0
0
0
0
7555
31589
46818
48171
37121
27857
23775
22491
17699
11507
4483
217
10193
29849
49783
58053
45551
25454
11005
2553
238
-10
0
0
0
0
0
0
3320
22377
38756
47406
50555
56229
62205
62162
45653
28416
19070
18878
33612
50633
55429
45610
26074
9717
229
-706
-95
0
0
0
0
0
0
0
304
6820
14896
26831
33635
36534
38178
28691
14492
6426
5352
25757
44317
50145
40387
22080
8115
493
-489
-60
0
0
0
0
0
0
0
0
0
0
608
5584
11076
11759
-2407
-21545
-22522
-12875
4142
31170
40107
33626
18719
4994
-820
-578
-40
0
0
0
0
0
0
0
0
0
0
0
0
0
0
-5819
-22749
-28389
-19389
-983
30485
39409
31837
19025
2901
-462
-275
-5
0
0
0
0
0
0
0
0
0
0
0
0
0
0
-258
-12186
-20810
-17977
-4181
26039
43894
35282
22796
8473
1398
-114
0
0
0
0
0
0
0
0
0
0
0
0
0
0
0
-258
-5958
-22106
-19151
-8298
14685
41675
41540
27118
12715
2359
458
-15
0
0
0
0
0
0
0
0
0
0
0
0
0
0
0
-2349
-20809
-22642
-13912
1981
33825
37325
29321
16237
1594
-291
-145
0
0
0
0
0
0
0
0
0
0
0
0
0
0
0
0
-8660
-23809
-18080
-5046
22661
38125
30992
19081
5130
1138
-160
0
0
0
0
0
0
0
0
0
0
0
0
0
0
0
0
0
-14575
-11894
-5984
12777
39059
33955
22902
9224
411
-232
0
0
0
0
0
0
0
0
0
0
0
0
0
0
0
0
0
0
-6535
4587
13438
32867
34062
25127
14348
2104
581
-20
0
0
0
0
0
0
0
0
0
0
0
0
0
0
0
0
0
0
13290
23558
41916
52607
33909
19547
4495
579
-165
0
0
0
0
0
0
0
0
0
0
0
0
0
0
0
0
0
0
0
23935
43638
51858
43027
28430
11028
1221
104
0
0
0
0
0
0
0
0
0
0
0
0
0
0
0
0
0
0
0
0
15700
35633
36132
20347
13801
5372
1058
-60
0
0
0
0
0
0
0
0
0
0
0
0
0
